1126506
1126682
1126686
1126693
1126697
1126699
1126700
1126701
1127203
1127207
1127210
1127455
1127934
1127936
1128559
1128638
1129085
1129087
1129089
1129090
1129092
1129094
1129095
1129097
1129100
1129103
1129511
1129512
1129513
1129515
1131537
1131812
1131814
1131817
1131819
1131821
1131822
1131826
1131828
1131829
1131832
1131963
1132132
1132481
1132483
1132484
1132486
1132488
1132490
1132492
1132494
1132496
1132498
1133024
1133065
1133971
1134330
1134724
1134725
1134726
1135152
1135154
1135156
1135158
1135161
1135274
1135555
1135557
1136285
1136287
1136769
1136770
1136772
1136773
1136774
1136777
1136781
1136782
1136785
1136787
1136788
1137631
1137642
1138110
1138111
1138112
1138401
1138402
1138404
1138406
1138408
1139086
1139088
1139091
1139092
1139094
1139097
1139098
1139670
1140029
1140031
1140032
1140033
1140269
1140271
1140272
1140273
1140274
1140276
1140533
1141372
1141374
1141376
1141378
1141636
1141640
1141721
1143391
1143392
1143394
1143396
1143883
1143884
1144165
1144167
1144169
1144170
1144171
1144173
1144176
1144177
1146996
1146997
1146998
1146999
1147560
1147562
1147610
1147965
1147966
1148425
1148521
1148522
1148523
1148525
1148526
1148761
1148796
1148799
1149218
1151944
1151946
1152750
1152753
1152754
1152756
1152757
1152759
1152760
1152778
1153513
1153797
1153906
1154058
1154064
1154066
1154068
1154070
1154472
1155901
1155902
1155908
1155910
1157653
1158762
1158763
1158764
1159265
1159266
1159269
1159270
1159742
1159748
1159750
1159752
1159753
1160014
1160016
1160018
1160039
1160299
1160497
1160498
1160630
1161249
1161256
1161265
1161451
1161452
1161454
1161866
1161867
1161870
1161966
1161984
1161985
1161987
1162385
1162820
1162823
1162825
1162826
1162835
1162838
1162844
1163088
1163089
1163091
1163093
1163095
1163096
1164194
1164994
1164995
1164997
1165608
1165610
1165612
1165614
1165615
1165617
1165618
1165620
1165622
1165780
1165782
1165808
1166166
1166508
1166509
1166877
1166880
1167005
1167670
1167673
1167674
1168227
1168229
1168230
1168231
1168232
1169722
1169723
1170450
1170476
1170478
1170481
1170483
1170487
1170489
1170490
1170492
1170497
1170498
1170499
1170501
1171138
1174074
1174075
1174076
1174077
1174527
1174529
1174531
1174824
1174973
1175314
1175316
1175388
1175389
1175390
1175392
1176080
1176082
1176083
1176208
1176211
1176214
1176413
1176415
1176417
1176420
1176422
1176649
1176972
1176975
1176978
1176980
1176982
1176984
1176985
1176987
1176988
1177606
1177608
1177611
1177612
1177817
1177831
1177834
1178064
1178065
1178067
1178068
1178329
1178711
1178713
1178714
1178716
1178717
1178718
1178720
1178722
1178723
1178724
1178725
1179116
1179252
1179289
1179354
1179356
1179359
1179852
1179854
1179855
1180033
1180034
1180035
1180037
1181206
1181303
1181305
1182150
1182382
1182383
1182384
1182386
1182387
1182388
1182389
1182390
1182391
1182479
1182562
1182750
1183043
1183051
1183117
1183118
1183119
1183121
1183122
1183125
1183127
1183129
1183131
1183519
1183737
1183812
1183813
1183985
1183987
1183989
1183993
1184068
1184083
1184474
1184476
1184508
1185006
1185176
1185178
1185179
1185180
1185181
1185336
1186432
1186433
1186435
1186436
1186437
1186438
1186439
1186875
1186876
1188629
1188630
1188632
1188634
1188635
1188636
1188638
1188639
1188641
1188643
1188645
1189224
1189571
1189649
1189652
1189713
1189723
1189724
1189727
1189728
1189729
1189730
1189731
1189732
1189733
1189736
1189738
1191234
1191235
1191237
1191239
1191241
1191242
1191244
1191477
1191478
1191479
1191480
1191482
1191484
1191486
1191488
1191506
1191721
1191722
1192296
1192297
1192298
1192300
1192302
1192304
1192306
1192307
1192309
1192600
1192601
1192935
1193815
1193817
1193818
1193819
1193820
1193822
1193824
1193825
1193827
1195465
1195470
1195486
1195490
1195993
1195995
1195996
1195997
1195999
1196000
1196001
1196002
1196004
1196005
1196006
1196008
1196009
1196010
1196013
1196015
1196018
1196020
1196021
1196022
1196023
1196024
1196281
1196282
1196284
1196285
1196286
1196289
1196290
1197135
1197137
1197138
1197239
1197316
1198464
1198522
1198524
1198526
1198528
1198530
1198531
1198535
1198536
1198538
1198539
1198542
1198547
1198697
1200202
1200315
1200322
1200324
1201510
1201511
1201512
1201513
1201516
1201518
1201520
1201522
1201524
1201526
1201528
1201938
1201939
1202222
1202223
1202615
1202632
1202677
1202679
1202681
1202972
1203795
1203957
1204962
1205215
1205217
1205220
1205221
1205366
1205520
1205522
1206283
1206285
1206287
1206289
1206290
1206292
1206293
1206294
1206295
1206297
1206299
1206314
1206646
1206682
1206701
1206703
1206705
1206706
1206709
1206712
1206713
1207699
1208246
1208253
1209300
1209349
1209987
1210282
1210504
1210505
1210506
1210508
1210509
1210510
1210511
1210632
1210654
1210656
1210685
1210768
1210772
1211132
1211530
1211531
1211532
1211534
1212734
1212737
1212739
1212741
1212742
1212743
1212747
1212749
1212752
1213084
1213086
1213087
1213088
1213515
1213516
1213517
1213519
1213523
1213524
1213526
1213527
1213529
1213530
1213531
1213877
1213879
1213880
1213882
1213884
1213885
1213887
1213892
1214013
1214375
1214380
1214537
1214539
1214540
1214543
1214545
1214592
1215172
1215173
1215174
1216109
1217316
1217318
1217893
1217894
1217899
1217902
1217903
1217904
1217905
1217907
1217908
1217912
1217915
1218230
1218232
1219471
1219473
1219474
1219476
1219477
1219478
1219480
1219481
1219484
1219485
1219486
1219488
1220242
1220243
1220245
1220246
1220247
1220248
1220249
1220251
1220252
1220254
1220255
1220258
1220259
1220260
1220261
1220262
1220263
1220267
1220269
1220271
1220273
1220275
1220277
1220625
1222480
1222484
1222486
1222490
1222975
1222977
1222979
1224789
1224900
1224901
1224902
1224904
1224906
1225567
1225568
1225569
1225876
1225877
1226253
1226255
1226256
1226257
1226259
1226260
1226262
1226264
1226265
1226266
1226267
1227183
1227198
1228465
1228466
1228467
1228468
1230309
1230585
1231908
1231911
1231918
1231921
1233131
1233133
1233183
1233186
1233187
1233188
1233191
1233192
1233194
1233196
1233197
1233198
1233199
1233200
1233201
1233202
1233203
1233205
1233206
1233551
1234083
1234084
1234085
1234086
1234087
1234088
1234089
1234090
1234439
1234440
1234441
1234943
1234945
1234947
1234948
1234949
1235710
1235791
1236600
1237122
1237332
1237337
1237339
1237341
1237451
1237454
1237516
1238203
1238204
1238685
1239403
1239420
1239423
1239424
1239426
1239431
1239744
1239747
1239749
1241040
1241220
1241221
1241224
1241228
1241229
1241241
1241255
1241264
1241267
1241269
1241276
1241289
1241302
1241598
1241600
1241601
1242128
1242130
1242207
1242218
1242227
1242228
1242230
1242380
1243094
1243333
1243334
1243335
1243763
1243765
1243766
1243769
1243772
1243774
1243775
1243778
1243780
1243782
1243784
1243786
1243788
1243790
1243792
1244313
1244314
1244649
1244650
1244651
1244747
1244897
1244910
1244912
1244926
1245636
1245638
1245739
1245741
1245742
1245745
1245746
1245748
1245749
1246709
1246725
1246726
1246727
1246728
1246730
1247488
1247490
1247492
1247493
1247494
1248060
1248540
1248587
1248793
1248798
1249228
1249229
1249230
1249231
1249232
1249233
1249235
1249237
1249238
1249239
1249240
1249241
1249242
1249243
1249244
1249245
1249246
1249247
1250100
1250103
1250109
1250120
1250122
1251127
1251129
1251130
1251132
1251134
1251135
1251138
1251139
1252651
1252691
1252975
1254374
1254376
1254380
1254382
1254384
1254386
1254401
1254443
1254472
1254474
1254476
1254480
1254536
1254542
1254745
1254747
1254749
1254754
1254757
1254758
1254760
1254762
1256121
1256122
1256124
1256125
1256126
1256127
1256128
1256857
1256859
1256861
1256862
1256863
1256865
1256866
1256868
1257414
1257415
1257416
1257418
1257419
1257421
1257422
1257425
1257426
1258690
1258692
1258693
1258695
1258696
1258935
1258937
1258940
1260497
1260498
1261855
1261858
1261860
1261862
1261863
1261864
1261865
1261866
1261867
1261869
1261870
1261872
1261874
1261875
1264253
1264255
1264263
1264336
1264339
1264340
1264342
1264344
1264345
1264624
1264632
1265415
1265715
1265716
1267000
1267073
1267312
1267314
1267315
1267317
1267319
1267421
1267911
1267928
1267930
1267934
1267935
1267937
1267939
1267940
1267942
1267944
1267945
1267948
1268367
1268381
1268471
1268472
1268473
1268474
1268475
1268476
1268477
1268479
1268483
1268485
1268487
1268488
1268489
1268490
1268492
1268494
1268495
1268497
1268498
1268499
1268500
1268501
1268779
1268781
1268823
1268824
1268842
1269733
1269735
1269839
1269840
1269947
1269948
1269963
1270024
1270046
1270047
1270255
1270256
1270258
1270260
1270261
1270262
1270263
1270264
1270265
1270266
1270268
1270269
1270270
1270273
1270274
1270275
1270277
1270279
1270738
1271232
1271246
1272745
1272747
1273073
1273076
1273192
1273197
1273199
1273200
1273201
1273202
1273203
1273204
1273662
1273663
1273727
1273728
1273730
1273731
1273732
1274660
1274661
1275067
1275072
1275091
1275093
1275095
1275097
1277490
1277491
1277493
1278896
1278898
1278900
1278903
1278905
1279729
1281779
1281781
1281783
1281784
1282585
1282588
1282591
1282593
1285263
1285264
1285265
1285267
1285268
1285269
1285541
1285542
1285543
1285566
1285579
1286989
1287001
1287002
1287003
1288419
1288623
1288637
1288639
1289188
1290022
1290040
1290049
1290712
1290735
1290736
1290738
1291400
1291952
1291953
1293212
1293214
1293258
1294516
1294517
1294518
1294519
1294520
1294522
1294524
1295474
1295476
1295478
1295480
1295481
1295483
1298087
1298874
1299282
1299840
1299841
1300782
1301019
1301020
1301025
1301026
1301246
1301249
1301250
1301251
1301252
1301253
1301254
1301536
1301669
1301670
1301671
1302347
1303861
1303864
1303866
1303887
1303888
1303889
1310958
1310960
1310961
1311002
1311004
1313862
1313864
1314969
1314987
1315046
1315066
1315435
1315436
1315484
1315486
1315488
1315490
1315491
1315492
1315495
1315506
1315508
1315510
1315514
1315516
1315518
1315519
1315526
1315527
1315528
1315529
1315533
1315535
1315537
1315539
1315542
1315543
1315544
1315545
1316201
1316202
1316324
1316326
1316977
1317120
1317122
1317123
1317124
1317128
1317296
1317304
1317306
1317309
1317313
1317315
1317318
1317320
1317321
1317323
1317325
1317334
1317337
1317342
1317343
1317352
1317354
1317359
1317362
1317365
1317366
1317368
1317370
1317379
1317386
1317388
1317390
1317392
1317393
1317395
1317396
1317398
1317400
1317402
1317407
1317408
1317409
1317410
1317412
1317414
1317416
1317420
1317421
1317424
1317426
1317428
1317430
1317555
1318980
1318982
1318984
1318987
1319156
1319157
1319750
1319752
1319754
1319756
1319759
1319762
1319764
1319765
1319766
1319768
1319769
1319771
1319775
1319777
1319778
1319779
1319780
1319781
1319782
1319783
1319784
1319787
1319789
1319790
1319791
1319792
1319794
1319796
1319797
1319798
1319799
1319800
1319803
1319808
1319810
1319812
1319815
1319817
1319818
1319822
1319824
1319827
1319828
1319830
1319834
1319835
1319836
1319839
1319840
1319842
1319844
1319845
1319846
1320139
1320141
1320142
1320144
1320149
1320153
1320158
1320163
1320165
1320168
1320172
1320174
1320175
1320178
1320180
1320182
1320183
1320184
1320189
1320197
1320199
1320201
1320203
1320399
1320400
1320406
1320409
1320412
1320414
1320416
1320418
1320420
1320422
1320424
1320428
1320430
1320433
1320441
1320445
1320446
1320447
1320450
1320452
1320453
1320455
1320457
1320459
1320460
1320462
1320464
1320465
1320720
1320722
1320725
1320744
1320747
1321341
1321664
1321665
1321666
1321668
1323075
1323077
1323078
1323080
1323081
1323083
1323085
1323434
1323436
1323437
1323439
1323440
1323442
1323816
1325193
1325561
1325562
1325564
1325566
1325567
1325569
1325571
1325572
1333633
1334231
1335552
1335698
1335700
1341558
1341559
1341561
1341563
1341564
1341566
1341900
1348506
1348522
1349915
1349922
1350773
1350774
1350775
1350819
1350872
1351414
1351512
1351513
1351515
1351518
1351520
1351521
1351523
1351525
1351526
1351529
1351535
1351537
1351539
1351541
1351542
1351544
1351546
1351547
1351550
1351552
1351554
1351557
1351559
1351581
1351583
1352470
1352472
1354665
1354666
1354758
1354760
1354762
1357163
1357706
1357709
1357719
1358327
1358328
1358348
1358349
1358350
1358471
1358473
1358474
1361217
1362068
1362208
1362238
1363466
1363546
1364123
1365510
1365511
1365512
1365513
1365514
1365515
1365516
1365517
1365519
1365520
1366276
1366278
1366280
1366281
1366283
1366286
1366288
1366290
1366291
1366293
1366294
1366296
1366298
1366299
1366303
1366305
1366307
1366309
1366311
1366314
1366316
1366379
1370429
1370430
1370432
1370433
1370434
1370435
1370436
1370437
1370439
1370441
1370444
1370445
1370447
1370516
1370518
1370520
1370521
1370522
1370523
1370525
1370526
1370527
1370528
1370530
1370531
1370532
1370549
1370551
1372240
1373992
1373994
1373996
1374063
1374069
1374075
1375225
1375227
1375229
1375230
1375232
1375660
1375662
1375663
1375666
1375724
1375731
1375732
1375788
1375790
1375811
1375812
1375814
1375815
1375816
1375817
1375818
1375820
1375822
1375823
1375825
1375826
1376372
1376373
1376375
1376377
1376378
1376380
1376382
1376385
1376386
1376388
1376389
1376390
1377294
1377295
1377297
1377299
1377300
1384406
1384423
1386018
1386020
1386022
1386033
1386231
1386233
1386234
1386236
1386238
1386241
1386242
1386245
1386247
1386249
1386250
1386252
1386254
1386256
1386258
1386271
1386272
1386274
1386275
1386277
1386279
1386284
1386287
1386290
1386293
1386301
1386303
1386306
1386308
1386310
1386312
1386315
1386317
1386319
1386321
1386323
1386325
1386327
1386329
1386331
1386333
1386335
1386356
1386357
1386369
1386371
1388044
1388045
1388046
1388047
1388049
1388051
1388053
1388055
1388056
1388058
1388061
1388062
1388064
1390116
1390118
1390119
1390121
1390123
1390125
1390128
1390130
1390133
1390134
1390141
1393779
1393780
1393782
1393783
1393784
1393800
1393802
1393810
1393811
1393812
1393814
1393815
1393817
1393819
1393821
1393822
1393824
1393826
1393831
1394671
1395697
1401833
1402083
1402089
1402090
1402091
