1320600
1320601
1323842
1324662
1324663
1324665
1324666
1324667
1324670
1324671
1324672
1324673
1324674
1324675
1324676
1324677
1324680
1324682
1324683
1324684
1324685
1324687
1324690
1324692
1324694
1324695
1324696
1324700
1324701
1324702
1324703
1324707
1324709
1324710
1324712
1324718
1324719
1324720
1324722
1324724
1324725
1324727
1324728
1324729
1324731
1324733
1324739
1324741
1324744
1324745
1324747
1324748
1324750
1324752
1324753
1324755
1324757
1324759
1324760
1324765
1324766
1324767
1324768
1324770
1324772
1324775
1324776
1324779
1324781
1326368
1326383
1326384
1326386
1326387
1326390
1326395
1329163
1329164
1329165
1329168
1329171
1329172
1329173
1329175
1329176
1329178
1329179
1329180
1329182
1329184
1329185
1329187
1329189
1332010
1335556
1335557
1335558
1335560
1335561
1335563
1335565
1335567
1335568
1335570
1335572
1335574
1335576
1335577
1335579
1335580
1335582
1335584
1335586
1335588
1335589
1335590
1335592
1335596
1335597
1335599
1335600
1335601
1335603
1335604
1335606
1335982
1336222
1336224
1336226
1336229
1336231
1336233
1336235
1336236
1336239
1336241
1336243
1336245
1336246
1336248
1336249
1336251
1336253
1336254
1336257
1336259
1336261
1336262
1340283
1340291
1340314
1340316
1342516
1342517
1342519
1342521
1342522
1342523
1343317
1343452
1343453
1343454
1343455
1343458
1343463
1343464
1343465
1343466
1343467
1343468
1343470
1343474
1343475
1343476
1343478
1343480
1343483
1343485
1343487
1343488
1343492
1343493
1343494
1343495
1343496
1343497
1343499
1343500
1343502
1343504
1343506
1343507
1343509
1343513
1343514
1343516
1343517
1343519
1343802
1343855
1343857
1343858
1343863
1343870
1343885
1343888
1344612
1344613
1344614
1344616
1344618
1344620
1344621
1344622
1344623
1344624
1344626
1344628
1344629
1344631
1344632
1344634
1344636
1344637
1344638
1344639
1344641
1344644
1344647
1344649
1344651
1344652
1344653
1344654
1344656
1344657
1344658
1344663
1344665
1344667
1344669
1344672
1344674
1344675
1344676
1344677
1348922
1348925
1348926
1348928
1348930
1348931
1348933
1348934
1348935
1348936
1348937
1348939
1348940
1348942
1348943
1348945
1348946
1348948
1348962
1348964
1348965
1348966
1348967
1348969
1348976
1348978
1348980
1348982
1348988
1348990
1348991
1348992
1348993
1348995
1348996
1349043
1356037
1357506
1357507
1360774
1360776
1360798
1360799
1360843
1360845
1361241
1361249
1361251
1361252
1361256
1361298
1361299
1361300
1361301
1361303
1361306
1361307
1361310
1361311
1361312
1361313
1361314
1361315
1361317
1366353
1366366
1366367
1366377
1366378
1366417
1366420
1366477
1366478
1366480
1366482
1366483
1366484
1366486
1366487
1366488
1366489
1366491
1366493
1366494
1366496
1366561
1366564
1366565
1366568
1366569
1366570
1366572
1366573
1366575
1366577
1366579
1366580
1366582
1367171
1367172
1367191
1367193
1367195
1367196
1367198
1367199
1367453
1376158
1376339
1376417
1377028
1377029
1380750
1380762
1380765
1380766
1383505
1387439
1392788
1392795
1392797
1392798
1392802
1392804
1392806
1392808
1392809
1392811
1392812
1392813
1392814
1392816
1392818
1392823
1392824
1392826
1392828
1392830
1392833
1392834
1392835
1392836
1392838
1392842
1392843
1392845
1392871
1392920
1392922
1392923
1392924
1392926
1392927
1392928
1392929
1392931
1392933
1392935
1392936
1395591
1395636
1395870
1395872
1395874
1395876
1395877
1395878
1395882
1395884
1395885
1395886
1395887
1395888
1395890
1395891
1395892
1395894
1395896
1395898
1395910
1395911
1395918
1395919
1395920
1395921
1395923
1395924
1395926
1395928
1395929
1395930
1395932
1395933
1395934
1395935
1395936
1395937
1395938
1395939
1395940
1395941
1395942
1395943
1395944
1395945
1395957
1395958
1395959
1395960
1395961
1395962
1395963
1395964
1395966
1395967
1395969
1395970
1403181
1403182
1405398
1405400
1406550
1406551
1406553
1406557
1406558
1406559
1406852
1406858
1407599
1407601
1407788
1407790
1407796
1407800
1408360
1410173
1413721
1413799
1413800
1413803
1413808
1413809
1413811
1413813
1413820
1415701
1415708
1415709
1415711
1415713
1419095
1419096
1419097
1419104
1421271
1421272
1421277
1421282
1421286
1421288
1421298
1421299
1421300
1421301
1428528
1435663
1439044
1439168
1439821
1439822
1440262
1440263
1440266
1440269
1442150
1442151
1442153
1442154
1442239
1445223
1448945
1449735
1449736
1449737
1450379
1450381
1450861
1453404
1453406
1454358
1454359
1454525
1454527
1456760
1456766
1459731
1461286
1461287
1467410
1467412
1467414
1467415
1467418
1467421
1472023
1474749
1474750
1474751
1474753
1479291
1488664
1488666
1488668
1490118
1491354
1491355
1491459
1491479
1491480
1491482
1491487
1492036
1493780
1493782
1495374
1495376
1507302
1507303
1509388
1516520
1516522
1516523
1516525
1516528
1516529
1516531
1516532
1516534
1516536
1516539
1516541
1516543
1516549
1516551
1516552
1516554
1516555
1516556
1516557
1517812
1517814
1517851
1517853
1518438
1518499
1531548
1531550
1534332
1543093
1543124
1543127
1543130
1544021
1544023
1544025
1544027
1544030
1544034
1546904
1546905
1546907
1546909
1546911
1546912
1546913
1546915
1546916
1546919
1546921
1546923
1546925
1546938
1546941
1546942
1546955
1546956
1546975
1546976
1546977
1546978
1546979
1546980
1546981
1546982
1550253
1550254
1550256
1550258
1550259
1550260
1550262
1550263
1550264
1550270
1550272
1550277
1550547
1550692
1551405
1551406
1551410
1551412
1551414
1551416
1551417
1553487
1553489
1553490
1553493
1553495
1553496
1553499
1553501
1553503
1553505
1553508
1553513
1553515
1553516
1553517
1553519
1553571
1553580
1553582
1553604
1553605
1553607
1553608
1553609
1553611
1554155
1554157
1554160
1554162
1554163
1554165
1554166
1556593
1556602
1556604
1556605
1556606
1556607
1556609
1556611
1556613
1556614
1556615
1556616
1556617
1556620
1557645
1557705
1557706
1557707
1557709
1557710
1557712
1557713
1557715
1557716
1557717
1557719
1557720
1557721
1557723
1557724
1557725
1557726
1557727
1558378
1558379
1558380
1558381
1558382
1558383
1558385
1558386
1558388
1559797
1559799
1559801
1559802
1559803
1559805
1559806
1559808
1560181
1561075
1561077
1561079
1561081
1561083
1561085
1561087
1561089
1561092
1561093
1561170
1561173
1561175
1561177
1561180
1561184
1561189
1561197
1561199
1561573
1561577
1563069
1563867
1564144
1564145
1566628
1566632
1566647
1566649
1566651
1566652
1566653
1566654
1566657
1566658
1566660
1566663
1566665
1566668
1566671
1566672
1566674
1566675
1566677
1566678
1566680
1566682
1566683
1566685
1566686
1566687
1566689
1566690
1566692
1566693
1566694
1566695
1566697
1566699
1566700
1566703
1566705
1566707
1566711
1566712
1566714
1566716
1566720
1566721
1566723
1566725
1568313
1568316
1568566
1568567
1568568
1568569
1568572
1568573
1568578
1568579
1568588
1568589
1568590
1569345
1569347
1569350
1569352
1569353
1569354
1569356
1569358
1569360
1569368
1569373
1569375
1569376
1569377
1569378
1569381
1569387
1569388
1569489
1569491
1569493
1569495
1569497
1569499
1569501
1569504
1569507
1570851
1572462
1572463
1572464
1572466
1572468
1572469
1572471
1574097
1574107
1574109
1575973
1575975
1575976
1575977
1575978
1575979
1575980
1575982
1575984
1575985
1575987
1575988
1575990
1575992
1575995
1575998
1575999
1576001
1576003
1576005
1576007
1576008
1576011
1576013
1576036
1579871
1579872
1579874
1580352
1580354
1581862
1582121
1582420
1582421
1587201
1587204
1587205
1587208
1588126
1588127
1588128
1588129
1588130
1588131
1588132
1588209
1588270
1588271
1588273
1588275
1588276
1591855
1592660
1592857
1595460
1595462
1595477
1595479
1595483
1595485
1595488
1595492
1595494
1595520
1595521
1596027
1596029
1596031
1596033
1596078
1596085
1596086
1596095
1596097
1596099
1596276
1596277
1596278
1596280
1596281
1596282
1596284
1596286
1596287
1596288
1597056
1597058
1597059
1597060
1597062
1597064
1597065
1597066
1597067
1597068
1597069
1598381
1598387
1598399
1598400
1600049
1600054
1600056
1600882
1601277
1602159
1602161
1602163
1602164
1602166
1602169
1602170
1602185
1602186
1602187
1602189
1602190
1602191
1602193
1602194
1602811
1603197
1603198
1603234
1603235
1603237
1603238
1603239
1603241
1603243
1603250
1603251
1603252
1603254
1603255
1603257
1605135
1605137
1605138
1605140
1605479
1608512
1608514
1608516
1610168
1610303
1610329
1610390
1610391
1610393
1610394
1610395
1610396
1610397
1610398
1610400
1610401
1610403
1610404
1610603
1610605
1610659
1610661
1610663
1610664
1610665
1610666
1610668
1610670
1610672
1610673
1610675
1610676
1610678
1610682
1610685
1610886
1610888
1611821
1612138
1612171
1612173
1613009
1613292
1613947
1614285
1614286
1619872
1620458
1620689
1620690
1620701
1620713
1621187
1621188
1621190
1621193
1621438
1621440
1622128
1622139
1622140
1622149
1622152
1622843
1622844
1622845
1622846
1622847
1622849
1622850
1622851
1623085
1623086
1623114
1623393
1623395
1623597
1623958
1623961
1623962
1623963
1623966
1624329
1624338
1624444
1624446
1624447
1625442
1625444
1625475
1625477
1625479
1625480
1625670
1626227
1626228
1626230
1626231
1626233
1626234
1626236
1626238
1626242
1626244
1626246
1626249
1626250
1626856
1626859
1626860
1627313
1629013
1629810
1629812
1630184
1630186
1630188
1630191
1630440
1631430
1631503
1632210
1632817
1632819
1632821
1632823
1632847
1632848
1632912
1632914
1632915
1632925
1632978
1632979
1633274
1633630
1634308
1634310
1634311
1634313
1634314
1634315
1634317
1634320
1634422
1634431
1634516
1634517
1634519
1634529
1634532
1634534
1634536
1634559
1634602
1634603
1634605
1635186
1635187
1635189
1635191
1635227
1635972
1635975
1635980
1635982
1636301
1636492
1636494
1636509
1636522
1636930
1636931
1636932
1636933
1636934
1637014
1637015
1637876
1638313
1639276
1639278
1639312
1639326
1639329
1639331
1639681
1639687
1639703
1641930
1641931
1642674
1642675
1642677
1642678
1642679
1642680
1642681
1642682
1642684
1642686
1642689
1642690
1642692
1642693
1642696
1642697
1642698
1642700
1642701
1642702
1642703
1642704
1642705
1642706
1642707
1642708
1642709
1642710
1642712
1642714
1642715
1642716
1642717
1642718
1642719
1642720
1642721
1642722
1642723
1642735
1642744
1642951
1643576
1643623
1643625
1643627
1643628
1643629
1643630
1643632
1643634
1643636
1643638
1643640
1643641
1643643
1643645
1643735
1643781
1643782
1643783
1643784
1643785
1643791
1643793
1643810
1643811
1643812
1643813
1643814
1643815
1644382
1644384
1644385
1644724
1644744
1644747
1644749
1644751
1645186
1645212
1645213
1645215
1645247
1645249
1645803
1646456
1646458
1646460
1646462
1646464
1646466
1646467
1646519
1646604
1646627
1646836
1646840
1646851
1646853
1646872
1647764
1647765
1647766
1647767
1647768
1648392
1648736
1648737
1648739
1648753
1648755
1648756
1649114
1649116
1650190
1650699
1650926
1651311
1651327
1651345
1651347
1652024
1652025
1652026
1652028
1652029
1652031
1652032
1652033
1652034
1652038
1652039
1652040
1652837
1652839
1652840
1652841
1652843
1652844
1653304
1654023
1654672
1655006
1655007
1655053
1655935
1655936
1656238
1656239
1656241
1656242
1656245
1656247
1656250
1656260
1656263
1656265
1656272
1656274
1656279
1656282
1656284
1656285
1656288
1656289
1656291
1656293
1656295
1656301
1656302
1656306
1656395
1656396
1656398
1656399
1656401
1656402
1656404
1656405
1656407
1656409
1656411
1656413
1657405
1658110
1658571
1658572
1658577
1658593
1658596
1658598
1658600
1658632
1658634
1658635
1658637
1658639
1658640
1658641
1659423
1660375
1661577
1661579
1661632
1662903
1662904
1663087
1663091
1663094
1663097
1663099
1663101
1663103
1663126
1663140
1664006
1664007
1664008
1664856
1664989
1665854
1665856
1665871
1665884
1667996
1667998
1668000
1668002
1668004
1668007
1668008
1668009
1668011
1668012
1668547
1668806
1668808
1668810
1670867
1672370
1672373
1674274
1674770
1674802
1683169
1686843
1693611
1709552
1709554
1709556
1709557
1709559
1709561
1709562
1709563
1719899
1719901
1719905
1719906
1719907
1719909
1720978
1721239
1721240
1721569
1721609
1722050
1722051
1722053
1722055
1722370
1736087
1736089
1744940
1744942
1744945
1744946
1744948
1744949
1760490
1760817
1771125
1771132
1778021
1778022
1782946
1785830
1788141
1788143
1788145
1788147
1788151
1788153
1788155
1788164
1788165
1788166
1788167
1788170
1788172
1788176
1788178
1788180
1788181
1788182
1788184
1788185
1788186
1788189
1788190
1788191
1789765
1789767
1790821
1790823
1790825
1790826
1790828
1790830
1790832
1790833
1790835
1790838
1790839
1790841
1790843
1790846
1790847
1790849
1790852
1790853
1790854
1790858
1790859
1794596
1794598
1794601
1794604
1794606
1794610
1794611
1794613
1795008
1795009
1795012
1795014
1795018
1795717
1795719
1795721
1795723
1795729
1795730
1795733
1795735
1795738
1795741
1795743
1795745
1795750
1795752
1795754
1795756
1795758
1795760
1795762
1795765
1797166
1797167
1797168
1797170
1797172
1797173
1797176
1797177
1797178
1797179
1799721
1799722
1799724
1799726
1799728
1802042
1802043
1802045
1802047
1802048
1802049
1802050
1802052
1802056
1802058
1802060
1802064
1802065
1804111
1804117
1804119
1804123
1804125
1804126
1804127
1804128
1804140
1804142
1804143
1808488
1809420
1810943
1810944
1810946
1810948
1810950
1810952
1810953
1810954
1810955
1810957
1810958
1810981
1810986
1812361
1812365
1812368
1812371
1812373
1812374
1812375
1812380
1812381
1812384
1812386
1814592
1814593
1814594
1814596
1814598
1814827
1814834
1814835
1814836
1814838
1815566
1815568
1815569
1815571
1815574
1816289
1816290
1818671
1818672
1818675
1818676
1818678
1818679
1818681
1818682
1818683
1818684
1818685
1818687
1818689
1818690
1819096
1819097
1824982
1824983
1824984
1825511
1825515
1825517
1826148
1826216
1826529
1826530
1826531
1826532
1826533
1826534
1826535
1826538
1826539
1826542
1826554
1826556
1826558
1826562
1826563
1826565
1826566
1826567
1826568
1826569
1826571
1827148
1827149
1827529
1827532
1831053
1831355
1831357
1831359
1831360
1831362
1831364
1831367
1831369
1831370
1831371
1831373
1831374
1831375
1831377
1832304
1832306
1832309
1832310
1832311
1832312
1832316
1832318
1832319
1832321
1832322
1832324
1832325
1832326
1832328
1832330
1833537
1833538
1833540
1833542
1833598
1838248
1839337
1839338
1839569
1839676
1839677
1839678
1839680
1839681
1839684
1839685
1840873
1840875
1840877
1843257
1843684
1843685
1843687
1843693
1845658
1845659
1845660
1845663
1845666
1845669
1846326
1846328
1846330
1846332
1846334
1846336
1846338
1846340
1846342
1846426
1846427
1846431
1846435
1846437
1846441
1847066
1847068
1847069
1847072
1847073
1847076
1847077
1847080
1847081
1847082
1847084
1847085
1847086
1847087
1847089
1847091
1847092
1847094
1848464
1848465
1848466
1848467
1848468
1849148
1849149
1849150
1849152
1849153
1849672
1849674
1849675
1850897
1850899
1850902
1850903
1850905
1850907
1850909
1850910
1850911
1850913
1852321
1852323
1852809
1852810
1852813
