851162
852552
852554
852556
852900
853268
853387
854575
855239
855421
859805
862444
869325
869685
869967
870989
872120
874228
874426
874453
874456
875510
875551
875723
877042
879598
879890
882251
883116
888467
888476
888479
890521
890819
891258
894035
895279
895582
896425
896543
896963
901190
901263
901265
901267
902329
902333
902631
903948
904082
904201
904318
904508
906187
906232
907795
914221
914771
916025
916027
921990
922384
922386
922390
922391
924848
925638
926801
934500
935016
935192
937149
939007
939009
939384
939918
940989
941798
943159
943398
943400
943519
944842
945745
945774
945775
946069
946361
947024
947372
947391
947632
948422
951981
953863
954247
954394
954559
956700
957350
957353
957354
957355
958371
958882
960409
961038
961065
961563
961897
962082
962183
962331
962817
963193
963441
964608
966078
968134
968406
970501
970555
976855
977216
978480
978481
978483
978844
978955
979062
980450
980521
980745
981944
982135
982136
982157
982164
982774
982776
982778
984363
985718
987928
988386
989241
989635
989668
989835
990340
990492
991091
991093
992405
994642
994649
994652
998553
998554
998563
998568
998598
998602
998606
998607
998653
998654
1000640
1000856
1002438
1002654
1003461
1013059
1016094
1016169
1018036
1020795
1021066
1024001
1024592
1024594
1024600
1026021
1029448
1030185
1030436
1032428
1033170
1033649
1033838
1033840
1034022
1034728
1038869
1044269
1044270
1046909
1048605
1050664
1051115
1051136
1051140
1051170
1053087
1053781
1055438
1055620
1057545
1057691
1061079
1061348
1061349
1061501
1061504
1062108
1062406
1062408
1062777
1064083
1068675
1068677
1068679
1068680
1068682
1068683
1071725
1074661
1075081
1076724
1076842
1079236
1085519
1085522
1085524
1085528
1085837
1086144
1086145
1086467
1087817
1088130
1088184
1089633
1089952
1090184
1091007
1091036
1091053
1092756
1095820
1095821
1096933
1100209
1101240
1101241
1102886
1106675
1109430
1109432
1109434
1109435
1111136
1111138
1112883
1115394
1115395
1115396
1116314
1119446
1121670
1121815
1124775
1126146
1126513
1127457
1128470
1128471
1131978
1132337
1133660
1133667
1133960
1134241
1134242
1134244
1135253
1136421
1136422
1136793
1137297
1141355
1141776
1142040
1142911
1142987
1144481
1147486
1147488
1148482
1148483
1148532
1149598
1151740
1151741
1151969
1152900
1156584
1156732
1156760
1156761
1157202
1158713
1158960
1158964
1159395
1160649
1160910
1161437
1161884
1162096
1162102
1162244
1162252
1162262
1162796
1163244
1163304
1163306
1164191
1165399
1165765
1165771
1165802
1165965
1165967
1167668
1169304
1169700
1169883
1169884
1170220
1170456
1171196
1174981
1175304
1175490
1175491
1175677
1176401
1176962
1177133
1177170
1178277
1178306
1178362
1179410
1179832
1179834
1181493
1181495
1182705
1182748
1184394
1184658
1185209
1185383
1187687
1188339
1192562
1193235
1195452
1195735
1195739
1196084
1197371
1201077
1201112
1201113
1201132
1201680
1202833
1202879
1203464
1203466
1203911
1203969
1204084
1205432
1205433
1209208
1209572
1209575
1210460
1210462
1211511
1211522
1212142
1212521
1213501
1214434
1216621
1216628
1216632
1216634
1217351
1217453
1222701
1224601
1224602
1224786
1225613
1226339
1228367
1228369
1228371
1228373
1228387
1228555
1230034
1230040
1230779
1230780
1230901
1231268
1231270
1231272
1231578
1233273
1233688
1236890
1237350
1238521
1238525
1239693
1239695
1239696
1239698
1239699
1243304
1243305
1245556
1245634
1245791
1246199
1247004
1247005
1247060
1247561
1248502
1248565
1249466
1249467
1250730
1251858
1251860
1254824
1258054
1258876
1259119
1265684
1266059
1267530
1269498
1270749
1272069
1272520
1272522
1272530
1273647
1273747
1273749
1276175
1276557
1280164
1281487
1281801
1283139
1284271
1284988
1285467
1287087
1287132
1287185
1287412
1289186
1289374
1289559
1289986
1289987
1291585
1291588
1292246
1292958
1292975
1292981
1294168
1294171
1294718
1294724
1295804
1298854
1299763
1299764
1299768
1299775
1300080
1301304
1306552
1307064
1307206
1307396
1307397
1308665
1309087
1309750
1310853
1311317
1311328
1312250
1312457
1312460
1313031
1313032
1313784
1315030
1315063
1315120
1319108
