1321243
1321248
1321293
1321299
1321417
1321879
1322613
1322827
1322829
1323683
1323684
1323685
1328731
1328732
1328733
1328735
1328737
1328739
1328743
1329459
1330896
1331170
1335022
1335031
1335039
1335338
1335339
1335340
1335342
1335343
1335370
1351200
1351211
1351213
1351218
1354023
1354549
1355167
1357340
1357692
1359251
1359252
1360457
1360462
1360464
1360511
1360575
1360859
1363233
1363234
1363235
1363237
1363238
1363239
1363241
1363243
1363244
1363245
1363246
1363248
1363967
1363970
1367187
1367189
1367197
1367200
1367202
1369876
1369879
1369881
1369885
1369941
1369942
1369943
1369944
1369945
1369954
1370641
1370642
1370644
1370648
1370661
1370678
1370679
1370680
1370684
1370686
1370690
1370704
1370705
1370708
1372488
1372556
1372557
1372590
1372593
1372597
1372598
1372621
1372716
1372718
1372723
1372726
1372730
1372731
1372738
1372740
1372742
1372744
1373218
1373301
1373303
1373304
1373305
1373306
1373307
1373308
1373309
1375267
1375268
1375270
1375271
1375273
1375274
1375276
1375277
1375278
1375279
1375283
1375285
1375288
1378678
1378679
1378681
1378682
1380807
1381835
1383177
1383182
1383184
1383186
1383189
1383909
1383910
1383913
1383915
1383916
1383917
1383918
1383920
1383921
1383922
1383923
1383924
1383925
1383926
1383927
1383929
1383930
1383931
1383932
1383934
1383936
1383937
1383938
1383942
1383949
1383951
1383952
1383953
1383961
1383963
1383965
1383967
1384620
1384621
1384622
1386801
1386806
1386807
1386809
1386813
1386816
1386818
1386821
1386823
1386849
1386851
1386853
1386856
1386858
1386859
1386865
1389295
1389299
1389302
1389303
1390596
1392312
1392313
1392314
1392315
1392316
1392317
1392318
1392319
1392320
1392321
1392322
1392323
1392476
1392494
1392497
1392499
1392501
1392612
1392623
1392627
1392628
1392799
1392801
1392803
1392807
1392815
1392817
1392822
1392827
1392844
1394211
1394213
1394215
1395562
1395575
1395588
1395593
1395596
1395599
1395600
1395601
1395602
1395614
1395616
1395617
1395619
1395621
1395623
1395624
1395625
1395628
1395630
1395632
1395879
1395881
1396073
1396235
1396237
1396239
1396241
1396243
1396245
1396247
1396251
1396253
1396256
1396258
1396261
1396263
1396266
1396268
1396270
1396271
1396273
1396275
1396276
1396277
1396310
1396317
1396318
1396326
1396328
1396554
1398688
1398690
1398691
1398696
1398704
1398708
1399436
1399437
1399441
1399446
1399605
1399607
1399609
1399611
1399613
1399635
1399636
1399637
1399638
1399639
1399640
1401722
1401723
1402065
1402434
1402946
1402947
1403832
1403835
1403837
1403838
1404853
1404857
1404927
1404954
1404955
1404997
1405000
1405309
1405862
1405863
1406412
1406413
1406531
1406538
1407183
1407185
1407187
1407189
1407192
1407194
1407195
1407196
1407198
1407199
1407201
1407202
1407204
1407206
1407208
1407210
1407212
1407213
1407215
1407216
1407218
1407219
1407221
1407222
1407224
1407227
1407230
1407231
1407232
1407233
1407236
1407237
1407238
1407239
1407240
1407241
1408110
1408112
1408113
1408125
1408126
1408129
1408132
1408135
1408137
1408140
1408143
1408146
1408148
1408154
1408156
1408157
1408160
1408162
1408164
1408407
1408749
1409906
1409908
1409911
1409912
1409913
1409960
1411177
1411379
1411538
1411539
1411541
1413441
1413442
1413444
1413445
1413446
1413448
1413449
1413450
1413452
1414961
1414962
1414963
1414968
1414970
1414973
1414977
1414980
1415399
1415640
1415641
1415648
1415651
1415652
1416308
1417348
1417721
1417723
1417725
1417726
1417727
1417733
1417740
1417750
1417754
1417756
1417758
1417760
1418585
1418587
1418589
1418590
1418591
1418592
1419478
1419480
1419962
1419977
1419979
1419980
1419983
1419985
1421649
1421650
1421651
1421653
1421655
1424068
1424134
1424362
1424366
1424367
1424368
1424369
1424372
1424374
1424375
1424379
1424381
1424383
1424385
1424386
1424387
1424841
1424843
1424844
1424846
1424848
1424849
1424850
1424851
1424852
1424853
1425106
1425541
1425542
1425544
1425547
1425615
1425617
1425618
1426449
1426451
1426462
1426464
1426466
1426469
1426471
1426495
1426980
1426982
1426985
1426995
1427100
1427101
1427102
1427103
1427104
1427105
1427106
1427107
1427109
1427110
1427111
1427112
1427113
1427114
1427116
1427119
1427120
1427125
1427678
1427680
1427681
1427683
1427685
1427686
1427730
1428786
1428789
1428790
1428792
1429137
1429140
1429142
1429143
1429145
1429232
1429233
1429234
1429235
1429237
1429238
1429240
1429241
1429243
1429244
1429245
1429247
1429249
1429251
1429253
1429255
1429257
1429258
1430464
1431051
1431084
1431085
1431086
1431087
1432369
1432370
1432371
1432372
1432373
1432374
1432375
1432378
1432379
1432381
1432707
1432709
1436545
1438147
1438152
1438153
1438155
1438158
1438551
1438555
1438557
1438559
1438564
1438567
1438571
1438573
1438575
1439988
1439989
1439990
1439992
1439993
1439995
1439996
1439997
1440013
1440050
1440352
1440353
1440355
1440357
1444754
1444756
1444759
1444761
1444763
1444765
1444769
1444772
1444774
1444776
1446342
1446343
1446344
1446345
1446346
1446347
1446349
1446351
1446353
1449716
1449718
1449996
1449998
1450000
1450001
1450002
1450003
1450005
1450007
1450009
1450012
1450013
1450160
1450161
1452257
1455466
1456947
1456948
1456950
1456951
1456953
1456971
1456978
1456998
1457009
1457011
1457018
1457020
1457021
1457042
1457047
1458562
1458563
1458565
1459896
1459898
1461027
1461030
1461032
1461033
1461035
1461036
1461037
1461038
1461039
1461040
1461041
1461043
1461045
1461046
1461047
1468945
1468947
1468948
1472574
1472576
1474030
1474051
1474053
1474058
1474110
1474111
1474139
1474143
1474145
1474150
1474153
1474157
1474160
1474161
1474163
1474165
1474167
1474831
1474832
1474834
1474835
1476200
1476202
1476204
1476206
1476207
1477453
1477457
1477940
1477942
1477944
1477945
1477946
1477947
1481387
1481388
1481395
1481398
1484859
1484860
1484861
1485078
1485080
1485082
1485084
1485087
1485089
1485090
1485091
1485717
1485718
1485721
1485723
1485725
1485727
1485728
1485729
1485730
1485731
1485733
1485757
1494195
1494215
1494216
1496454
1496455
1496456
1496457
1496458
1496459
1496460
1496666
1496784
1496786
1496787
1496788
1496789
1496791
1496911
1498465
1498468
1498655
1498657
1498659
1498660
1498662
1498664
1498665
1498666
1498667
1498668
1498671
1498673
1498675
1498985
1499078
1499483
1499484
1499489
1499558
1499561
1499564
1499567
1499570
1499572
1499574
1499576
1499580
1499624
1499626
1499629
1499630
1499632
1499634
1500742
1500743
1500745
1500746
1500747
1500749
1502282
1502285
1503221
1503223
1503225
1503226
1503227
1503228
1503234
1503236
1503238
1503239
1503240
1503241
1503242
1503243
1503244
1504030
1504069
1504090
1505929
1505931
1505932
1505934
1505935
1505936
1505937
1505938
1505939
1505976
1509402
1509404
1509406
1509408
1509409
1509410
1509411
1509588
1509590
1509592
1509594
1509595
1510162
1510196
1510197
1510199
1510201
1510202
1510898
1510899
1510900
1510901
1510902
1510903
1516279
1516281
1516282
1516294
1516295
1516297
1516298
1520681
1520682
1520683
1523438
1523440
1523441
1523442
1523443
1523470
1523471
1523472
1523475
1525852
1525853
1525854
1526206
1526212
1526213
1526214
1526215
1527947
1527949
1527950
1527951
1527952
1527953
1527954
1527955
1527956
1527957
1527958
1527959
1527960
1527967
1527969
1527981
1527985
1528137
1528138
1528141
1528142
1528143
1528144
1528145
1528146
1528147
1528148
1528149
1528150
1528151
1528152
1528153
1528155
1528157
1528158
1528160
1528162
1528164
1528166
1528167
1528170
1528171
1528172
1528174
1528175
1528176
1528178
1528180
1528183
1528184
1528187
1528189
1528191
1528193
1528195
1528197
1529929
1529965
1529966
1529968
1529970
1529971
1529972
1529973
1529975
1529976
1531756
1531757
1531759
1531761
1531762
1531763
1531764
1531765
1531771
1531772
1531773
1531775
1531777
1531780
1532291
1532292
1532293
1532295
1532296
1532297
1533337
1533338
1533339
1533340
1533342
1533343
1533344
1533345
1533346
1533347
1533350
1533352
1533354
1533356
1533358
1533359
1533361
1533363
1533364
1533367
1533369
1533370
1533372
1533374
1533376
1533378
1533380
1533382
1533384
1533895
1533896
1533897
1533900
1533901
1533902
1533903
1533904
1534350
1534351
1534352
1534353
1534355
1534356
1534357
1534359
1534361
1534362
1534365
1534367
1534373
1534377
1534379
1534381
1534385
1534390
1534393
1535237
1536416
1536418
1536421
1536422
1536423
1536424
1536426
1536428
1536429
1536430
1536431
1536432
1536434
1536436
1536437
1536439
1536440
1536442
1536444
1536445
1536447
1536448
1536449
1536450
1536451
1536454
1536456
1536457
1536500
1536504
1536506
1536508
1536512
1536514
1536516
1536519
1536522
1536567
1536575
1537155
1537158
1537160
1537164
1537170
1537174
1542732
1542734
1543027
1543273
1545008
1545009
1545043
1545045
1545046
1545471
1545473
1545474
1545476
1545477
1545478
1545479
1545481
1545482
1545485
1545488
1545491
1546019
1546251
1546252
1546254
1546343
1546344
1546346
1546355
1549634
1549635
1550582
1550831
1550832
1550833
1550835
1550836
1551095
1551099
1551101
1551102
1551140
1551143
1551149
1552376
1552377
1552378
1552380
1552381
1552383
1552385
1552387
1552388
1552406
1552413
1554729
1554730
1554732
1554733
1555388
1555389
1555391
1555392
1555393
1555394
1557061
1557066
1557077
1557078
1557080
1557094
1557106
1557941
1557942
1559794
1559795
1559825
1559827
1559846
1559848
1559850
1559852
1559855
1559856
1559858
1559860
1559864
1559872
1559876
1559879
1559884
1559886
1559888
1559890
1559899
1559902
1559906
1559911
1559913
1559915
1559917
1559921
1560319
1560323
1560327
1560329
1560331
1560333
1564082
1564085
1564092
1564094
1564097
1564099
1564100
1564102
1564104
1564105
1564106
1564107
1564108
1564109
1564110
1564111
1564112
1564114
1564116
1564117
1564118
1564119
1564122
1564657
1564658
1564659
1564661
1564663
1564665
1564668
1564670
1564672
1564673
1564675
1566321
1566648
1569557
1572115
1576411
1576468
1576469
1576476
1576478
1576482
1576484
1577107
1577108
1577401
1577403
1577404
1577405
1577501
1577505
1577507
1577508
1577510
1577511
1577512
1577514
1577517
1577523
1577525
1577582
1577588
1577589
1577590
1578526
1578529
1578531
1578532
1578533
1581402
1581406
1581407
1581408
1581410
1581412
1581414
1581415
1581418
1581420
1581422
1581424
1581425
1581427
1581428
1581430
1581431
1581433
1581434
1582119
1582142
1582150
1582152
1582162
1582164
1582167
1582169
1582171
1582173
1582177
1582179
1584171
1584172
1586393
1586395
1586396
1586398
1586399
1586400
1586402
1586403
1587343
1587510
1587511
1587512
1587514
1587516
1587517
1587518
1587519
1587522
1587524
1587526
1587528
1587530
1587532
1587533
1587534
1587536
1588408
1588410
1588412
1588413
1588415
1588417
1588420
1588422
1588425
1588427
1588428
1588430
1588432
1588434
1588435
1588437
1588439
1588440
1588443
1588445
1588447
1588449
1588450
1588451
1588477
1588490
1588492
1588493
1588495
1588498
1588502
1588508
1588510
1588513
1588515
1588519
1588521
1588524
1588525
1588529
1588531
1588533
1588540
1588541
1588543
1588545
1588586
1588588
1588590
1588592
1588594
1588596
1588598
1588599
1588603
1588605
1588607
1588609
1588613
1588614
1588616
1589773
1589774
1589775
1591144
1591145
1591146
1591371
1591373
1591378
1591779
1591780
1591783
1591785
1591789
1591791
1594598
1595043
1595046
1595048
1595050
1595051
1595054
1596290
1596292
1596294
1596295
1596297
1596298
1596299
1596468
1597189
1597191
1597192
1597193
1597194
1597195
1597196
1597197
1597198
1597199
1597200
1597201
1597203
1600147
1600150
1600153
1601510
1601511
1601669
1601670
1601671
1601673
1602138
1602884
1602885
1602887
1602888
1602890
1602892
1602894
1602897
1602899
1602900
1602901
1602902
1602907
1602908
1602979
1603524
1603526
1603527
1603777
1603779
1604576
1604577
1604578
1604579
1604580
1605509
1605510
1605511
1605512
1605514
1607457
1607458
1607460
1607461
1607462
1608635
1608636
1608637
1608639
1608642
1608643
1608645
1608647
1608649
1608651
1608652
1608653
1608654
1608655
1608657
1610207
1610209
1610210
1610211
1610509
1610510
1610511
1610512
1610513
1610515
1610516
1610518
1610520
1610521
1610752
1610753
1610755
1610757
1610759
1610761
1610763
1610765
1610767
1610769
1610774
1610777
1610779
1610781
1611878
1611880
1611881
1611882
1613294
1613296
1614689
1614691
1618788
1618793
1618795
1618797
1618799
1618802
1619285
1619925
1619926
1619927
1619928
1620517
1620518
1620520
1620521
1620523
1620524
