1328735
1331170
1355167
1372488
1378682
1383177
1392313
1395601
1395602
1395614
1395624
1399635
1399636
1403837
1406412
1407189
1407194
1407195
1407196
1407199
1407206
1407212
1407213
1407215
1407218
1407231
1407232
1408407
1413442
1413444
1418587
1418589
1424367
1424375
1424387
1424848
1424849
1424851
1424853
1429234
1429238
1432370
1432373
1432378
1439988
1439989
1439990
1439997
1446343
1450007
1450012
1450160
1450161
1461038
1461040
1472574
1474051
1474053
1474110
1474157
1481387
1481388
1484859
1485078
1494195
1505976
1510901
1520681
1520682
1564673
1576468
1577588
1577590
1604578
1607458
1607461
1613294
