656116
657741
657742
658362
659863
659865
660181
660182
660184
660185
660187
660190
660191
660198
660709
660710
660712
660713
660715
660718
660719
660726
662815
662817
662819
662821
662822
662823
662824
662825
662826
662827
662828
662829
662831
662832
662833
662836
662837
662838
662841
662842
662844
662845
662846
662847
662848
662849
662850
662852
662853
662854
662855
662856
662858
662859
662860
662862
662863
662865
662866
662867
662868
662870
662881
662909
662912
665320
665333
665347
665348
665349
665350
665436
665449
665456
666391
666392
669352
671760
671972
672442
672444
672446
672447
672449
672451
672452
672453
672455
672458
672460
672462
672468
672469
672481
672627
673072
673074
673076
673077
673079
673081
673082
673083
673085
673088
673090
673092
673098
673099
673111
673851
674033
675028
676046
676048
676053
676055
676056
676058
676060
676061
676063
676065
676067
676107
676795
676971
676999
677580
677749
677777
678192
678193
678654
678655
679375
679376
679377
680088
680099
680463
682530
682532
682533
682756
683766
683950
684883
685800
685802
685803
685804
685807
685810
685811
685813
685815
685817
685818
687205
687207
687208
687330
687676
687678
687683
687685
687907
688938
688940
688942
690036
690037
690826
690827
690981
692251
692260
692278
692649
692658
692675
693748
695124
695603
695608
695644
696032
697422
697827
697938
697950
697952
697954
697955
698307
698375
698470
698619
699342
702576
702578
702579
702581
702583
702585
702586
704044
704212
704374
704380
704385
704387
704398
704400
704408
704414
704938
705003
705005
705008
705015
705016
705018
705020
705023
705025
705030
705034
705035
705041
705044
705045
705048
705050
705052
705055
705057
705058
705608
709881
709905
710027
710028
710029
710030
710032
710034
710036
710038
710067
710264
711067
712399
712434
715493
716448
716449
721293
721294
721295
721296
721298
721300
721302
721305
721307
721947
722332
722335
723001
723018
723458
723461
723669
723686
724007
724009
724010
724011
725732
725734
725737
725739
725741
726456
727110
727196
727574
728119
728137
728866
729491
729499
729501
729502
729504
729506
729512
729517
729970
729971
729973
729974
729975
729978
730164
730508
730509
730511
730512
730513
730632
730633
731916
731970
732621
734244
734245
734247
734248
734250
734252
734256
734257
734258
734260
734261
734262
734263
734265
734267
734268
734812
737883
738243
738343
738456
738473
739098
739115
740049
740071
740073
740130
740143
740166
741113
741580
741581
741582
741583
741584
741585
742267
742269
742606
742621
742622
742623
742627
742628
742629
742632
742634
742636
742640
742642
742857
742859
743870
743872
743874
743878
745530
745611
745986
746673
747203
747204
747206
747207
747265
747399
747488
747658
747662
747663
747666
747667
747669
747671
747690
747707
747908
747944
748089
749298
749883
749885
749887
750408
750619
751026
751048
751049
751050
751054
751059
751061
751065
751066
751067
751068
751069
751073
751074
751077
751078
751082
751083
751085
751088
751091
751092
751093
751095
751096
751098
751100
751410
751432
751433
751434
751438
751443
751445
751449
751450
751451
751452
751453
751457
751458
751461
751462
751466
751467
751469
751472
751475
751476
751477
751479
751480
751482
751717
752060
752061
752062
752063
752537
752793
755536
755564
755589
755666
755865
755867
755868
755869
756036
756063
756343
756345
756348
756350
756913
756915
758000
758163
758165
758167
758169
758609
758771
758773
758775
758777
758818
759096
759746
765316
765470
765482
767196
767280
767283
767285
767288
767290
768132
768134
768136
768137
768139
768140
768141
768143
768144
768146
768148
768150
768152
768153
768156
768158
768160
768162
768163
768164
768166
768167
768168
768171
768173
768175
768177
768179
768181
768183
768185
768186
768188
768190
768192
768194
768196
768211
768218
768223
768242
768245
768249
769778
769863
769949
769982
770015
770960
770996
772636
772640
773100
773106
773121
773125
773333
773334
774156
774159
774168
774251
774252
774389
774390
775345
775346
776409
776430
776441
776699
776700
776701
777447
777450
777453
777456
777489
777499
777502
777504
777507
777511
777532
778441
778445
778447
778449
778450
778453
778455
778457
778458
778461
778462
778465
778470
778473
778481
778489
778496
778508
778511
778930
778933
778957
779081
779083
779112
779114
779116
779118
779119
779120
779122
780930
780931
781457
781695
781711
781977
782095
782473
782474
783664
783668
783670
783862
784041
784043
784295
784727
785582
785719
786205
788410
789255
789256
789257
789258
789259
789260
789264
789265
789800
789801
789802
790174
790330
790432
791294
791551
791555
791571
791801
792214
792218
792234
792415
792561
792562
792564
793121
793122
793123
793124
793127
793129
793131
793132
793134
793138
793141
793148
793150
793152
793153
793156
793182
793534
793549
794104
794119
794488
794522
795246
795248
795252
795254
795256
795257
796125
796585
796762
796764
796968
796969
797342
797420
797431
797517
797518
797519
797521
797547
797549
797550
799997
800476
800485
800558
800559
800561
800563
800567
800569
800570
800591
800593
800594
800596
800919
801145
801154
802369
802371
802411
802706
803328
804129
804261
805006
805007
806869
807901
807902
807904
807905
808325
808337
808348
808426
808428
808433
808435
808437
808439
808441
808442
808444
808446
808448
808450
808452
808453
808455
808457
808459
808461
808463
808472
808568
808569
808570
808572
808574
808662
809103
809872
809874
809966
810362
810363
810364
810366
810367
810369
810371
810374
810377
810380
810413
810768
810769
810770
810772
810773
810775
810777
810780
810783
810786
810819
811042
813121
813150
813201
813579
813581
813582
813611
813685
813687
813704
813705
813791
813793
813795
813797
813926
813978
814243
814262
814263
814385
814544
814603
814949
814952
814954
814956
817479
817481
817483
817522
817529
817541
817549
817580
817996
817998
818001
818115
818117
818119
818121
818122
818123
818125
818126
818127
818396
819192
819297
819754
819756
819960
819962
819963
820168
820170
821570
822337
822338
822339
822589
822710
823065
823384
823387
823389
823390
823392
823397
823398
823399
823401
823403
823405
823408
823410
823411
823417
823474
823485
823519
823524
823531
824614
824616
824618
824619
824620
824621
824623
824630
825095
825631
825755
826076
826079
826084
826085
826086
826088
826090
826998
826999
827000
827034
827035
827209
827210
829498
830160
830211
830213
830215
830365
830367
830368
830404
837219
838709
839141
839498
840435
840437
840439
840442
840443
840444
840532
840534
840536
840539
840540
840541
840797
840798
841059
841539
841540
841555
841614
842277
842279
842281
842282
842283
842285
842289
842291
842293
842295
842297
842298
842300
842315
842316
842335
842337
842728
842732
842799
843179
843399
843403
843426
843433
843902
843909
846746
846748
848399
848414
848957
849205
849253
849254
849257
1550775
1550776
1550777
1552261
1552262
1552894
1552907
1552988
1554085
1554147
1554185
1554420
1554529
1554581
1554582
1554621
1554623
1554625
1554626
1554840
1554883
1554887
1555365
1555366
1555740
1555829
1555907
1555979
1555980
1555981
1555982
1556462
1556464
1556466
1556467
1556891
1556892
1556894
1557075
1557121
1557124
1557126
1557127
1557128
1557129
1557135
1557761
1558169
1558170
1558171
1558172
1558173
1558175
1558178
1558180
1558183
1558653
1558654
1558655
1558773
1558830
1558882
1558883
1558992
1559024
1559976
1559978
1559980
1560624
1560626
1560627
1560628
1560629
1560631
1560633
1560635
1560637
1560638
1560639
1560640
1560642
1560644
1560646
1560647
1560649
1560650
1560651
1560653
1560656
1560657
1560769
1560770
1560772
1560773
1561466
1561467
1561469
1561470
1561471
1561472
1561473
1561481
1561491
1561492
1561495
1561497
1561567
1561600
1561824
1561832
1561833
1561900
1562387
1562388
1562390
1562393
1562479
1562480
1562481
1563154
1563453
1564066
1564068
1565901
1565910
1566348
1566350
1566351
1566353
1566358
1566597
1566598
1566600
1566602
1566612
1566614
1566681
1566737
1566738
1566739
1566740
1566741
1566743
1566745
1566747
1566748
1566750
1566753
1566755
1566756
1566758
1566762
1566764
1566766
1566768
1566771
1566772
1566774
1566776
1566781
1566784
1566789
1566791
1566793
1566795
1566797
1566799
1566801
1566804
1566806
1566808
1566809
1566811
1566813
1566815
1566817
1566818
1566820
1566822
1566824
1566833
1566835
1566842
1566844
1569878
1569879
1569928
1569938
1569995
1569996
1569998
1570000
1570002
1570007
1570009
1570394
1570397
1570413
1570718
1570720
1570721
1570758
1570759
1570761
1570763
1570765
1570768
1571118
1571120
1571121
1571123
1571126
1571127
1571275
1571277
1571278
1571279
1571280
1571317
1571320
1572127
1572144
1572146
1573428
1573430
1573431
1573433
1573434
1573436
1573438
1573875
1573876
1573882
1573937
1574080
1574082
1574629
1574672
1574673
1574674
1574676
1574678
1574679
1574765
1575126
1575143
1575295
1575886
1575890
1575897
1575916
1576284
1576285
1576287
1576299
1576377
1576458
1576541
1577603
1577658
1578391
1578392
1578394
1578396
1578397
1578399
1578400
1578401
1578664
1579135
1579136
1579146
1579148
1579226
1579468
1579480
1579542
1579543
1579544
1579546
1579547
1579548
1579550
1579618
1579711
1579715
1580235
1580243
1580447
1580452
1580533
1580935
1580936
1580938
1580939
1580941
1581025
1581026
1581028
1581029
1581031
1581033
1581035
1581036
1581037
1581038
1581040
1581791
1581801
1581827
1581837
1581853
1581854
1581856
1582532
1582937
1582938
1582939
1583008
1583399
1583401
1583403
1583405
1584022
1584414
1584438
1584460
1584464
1584471
1584537
1584538
1584539
1584540
1584541
1584543
1584545
1584546
1584548
1584550
1584551
1584554
1584555
1584556
1584557
1584558
1584559
1584561
1584562
1584563
1584689
1584741
1584745
1584887
1585035
1585177
1585178
1585180
1585470
1585488
1585489
1585491
1585493
1585495
1585496
1585498
1585711
1585721
1585850
1586034
1586076
1586077
1586285
1586286
1586288
1586289
1586290
1586292
1586295
1586297
1586298
1586299
1586386
1586388
1586646
1586652
1586654
1586656
1586658
1586749
1586751
1586752
1586753
1586754
1587374
1587376
1588088
1588207
1589293
1589294
1589296
1589297
1589300
1589301
1589305
1589306
1589307
1589309
1589310
1589311
1589312
1589314
1589316
1589323
1589331
1589333
1589999
1590706
1590720
1590723
1590725
1590733
1590735
1590801
1590803
1591045
1591046
1591048
1591319
1592933
1593096
1593098
1593100
1593101
1593103
1593105
1593432
1593490
1593498
1593500
1593549
1593928
1594714
1594923
1594925
1595615
1595618
1595642
1595650
1595656
1595659
1595666
1595672
1595675
1595681
1595687
1595691
1595701
1595707
1595708
1595711
1596266
1596515
1596770
1596771
1596772
1596850
1596853
1596855
1596856
1596858
1596859
1596861
1596863
1596865
1596867
1596869
1596870
1596871
1596872
1597107
1597109
1597441
1597471
1597538
1597540
1597542
1597545
1597548
1597843
1597844
1597845
1597940
1597965
1597987
1598074
1598090
1598157
1598459
1598460
1599115
1599118
1599142
1599637
1599639
1599677
1599680
1599683
1599685
1599687
1599689
1599690
1599692
1600063
1600065
1600069
1600376
1600377
1600379
1600381
1600382
1600383
1600385
1600387
1600388
1600390
1600393
1600395
1600396
1600489
1600491
1600596
1600599
1600601
1601186
1601201
1601210
1601228
1601285
1601319
1601321
1601323
1601325
1601337
1601506
1601570
1601572
1601573
1601654
1601656
1601943
1602173
1602197
1602198
1602199
1602201
1603408
1603420
1603423
1603517
1603519
1603520
1603522
1603822
1604009
1604175
1604191
1604273
1604277
1604284
1604936
1604937
1604943
1604946
1604976
1604988
1604989
1604990
1604992
1604994
1604996
1604998
1604999
1605410
1605609
1605934
1605935
1606059
1606061
1606063
1606695
1607842
1608348
1608349
1608351
1609060
1609371
1609698
1609699
1609789
1669829
1670324
1670325
1670328
1670503
1670505
1670575
1670642
1670809
1670936
1671110
1671114
1671151
1671219
1671455
1671498
1671665
1671883
1672307
1672462
1672465
1672478
1672480
1672481
1672485
1672487
1672489
1672491
1672493
1673206
1673207
1673211
1673252
1673283
1673287
1673292
1673296
1673507
1673543
1673544
1673546
1673548
1673550
1673552
1673555
1673556
1673558
1673560
1673626
1673629
1673769
1676319
1677291
1677292
1677293
1677295
1679418
1679420
1679422
1679424
1679425
1682316
1687346
1690867
1690869
1692467
1692762
1698510
1698512
1698623
1698792
1698793
1698794
1698796
1698798
1698799
1698801
1700459
1700461
1702531
1702532
1702534
1702535
1702537
1702539
1702541
1702542
1702544
1702546
1702547
1702549
1702550
1702551
1702553
1702555
1706071
1706114
1706116
1706117
1706120
1706122
1706123
1706125
1706126
1706127
1706129
1706131
1709010
1709254
1709255
1709256
1709260
1709262
1709263
1709265
1709267
1709268
1709271
1709636
1710562
1710564
1710679
1711851
1711852
1711853
1711854
1711855
1711856
1711862
1711864
1711865
1711867
1711868
1711870
1711881
1713564
1713565
1713566
1713567
1713568
1714375
1714376
1714378
1714379
1714381
1723760
1723775
1726001
1726003
1726006
1726008
1726954
1726956
1727146
1727148
1727150
1727366
1727372
1727572
1729565
1729566
1729568
1729570
1729572
1730166
1730386
1733960
1733961
1733981
1733982
1733984
1733986
1733987
1733989
1733990
1733992
1733994
1733996
1733997
1736966
1737881
1737951
1737953
1737954
1737961
1742568
1743380
1743973
1743975
1744224
1745197
1746442
1748039
1748049
1748111
1750108
1750110
1750112
1750339
1750344
1750346
1750348
1750349
1750353
1750355
1750357
1750359
1750361
1751697
1751698
1753207
1753325
1753327
1753419
1753490
1753491
1753492
1753493
1753494
1753495
1753496
1753497
1753498
1753500
1753502
1753504
1753676
1753952
1753953
1753954
1754250
1755190
1755191
1755205
1755206
1756336
1756338
1756342
1756344
1756403
1756406
1756408
1756748
1756749
1756750
1756954
1756957
1756959
1756960
1756961
1756962
1757077
1760758
1760760
1761064
1761065
1761067
1762089
1762105
1762107
1762221
1762223
1762226
1762383
1762384
1762385
1762837
1762863
1762865
1762868
1764241
1764242
1764351
1764354
1764355
1764357
1766088
1766089
1766091
1766093
1766094
1766096
1766099
1766100
1766102
1766104
1766576
1766593
1767494
1768613
1772045
1772047
1772049
1772052
1772053
1772054
1772055
1772056
1772058
1772059
1772061
1772063
1772065
1772067
1772073
1772077
1772078
1772079
1773236
1773237
1773283
1775221
1775223
1775224
1775226
1775286
1775287
1775874
1775875
1778204
1778210
1778213
1778214
1779175
1779177
1779179
1779183
1779186
1779188
1779190
1779192
1779194
1779196
1779199
1780174
1780178
1780286
1780288
1781091
1781250
1781251
1781712
1783167
1783189
1783926
1784439
1784440
1784449
1784752
1785474
1785477
1785884
1785886
