1669807
1676619
1677353
1684492
1684495
1685865
1685905
1685908
1685909
1685911
1685915
1685917
1687011
1687013
1688523
1692104
1692108
1692111
1692113
1692119
1692120
1694254
1697154
1700416
1700418
1700421
1700425
1700428
1700429
1701150
1701707
1701709
1701711
1704759
1705577
1705578
1705581
1705583
1705587
1705604
1705608
1705610
1705617
1705625
1705635
1705636
1705665
1705672
1705679
1705684
1705804
1709897
1710335
1710341
1713866
1714047
1721928
1721929
1727263
1727265
1727267
1727269
1727270
1727272
1727274
1727275
1727277
1727278
1727280
1727281
1727403
1731845
1731850
1731856
1732085
1733456
1734306
1734308
1734316
1734317
1734319
1734344
1734352
1734354
1734356
1734360
1734365
1734380
1737635
1737636
1737638
1737643
1742258
1745451
1745453
1745459
1745461
1745465
1745467
1745470
1745487
1745489
1745738
1745741
1745790
1746501
1746503
1746509
1746511
1746516
1746518
1746521
1746539
1746541
1746569
1746570
1748620
1748834
1748835
1748837
1748839
1748843
1748844
1748845
1748847
1748848
1748849
1748851
1748852
1748853
1748854
1748855
1748856
1748858
1748860
1748861
1748862
1748863
1748866
1748868
1748870
1748872
1748873
1748874
1748876
1748880
1748882
1748883
1748885
1748886
1748887
1748888
1748889
1748890
1748892
1748893
1748894
1748895
1748896
1748897
1748898
1748899
1748900
1748902
1748903
1748905
1748907
1748912
1748914
1748916
1748917
1748919
1748921
1748922
1748924
1748926
1748928
1748930
1748934
1748936
1748938
1748941
1748943
1748945
1748947
1748948
1748950
1748951
1748952
1748954
1748956
1748958
1748959
1748961
1748963
1748965
1748967
1748970
1748972
1748974
1748976
1748977
1748979
1748981
1748983
1748986
1748990
1748992
1748993
1748994
1748995
1748997
1748999
1749001
1749003
1749004
1749005
1749006
1749007
1749008
1749009
1749010
1749012
1749014
1749015
1749017
1749019
1749021
1749023
1749025
1749027
1749029
1749030
1749034
1749035
1749036
1749037
1749039
1749040
1749042
1749043
1749045
1749047
1749048
1749050
1749051
1749052
1749054
1749055
1749057
1749058
1749060
1749061
1749062
1749064
1749065
1749068
1749069
1749070
1749071
1749072
1749073
1749075
1749077
1749079
1749080
1749081
1749082
1749083
1749085
1749087
1749616
1749630
1749639
1749640
1749643
1749644
1749645
1753421
1753425
1753429
1759168
1759169
1761819
1773804
1773812
1774538
1774539
1774540
1774542
1774544
1774545
1774546
1774547
1774548
1774551
1774553
1774554
1775665
1775666
1775667
1775669
1776379
1776380
1778368
1778371
1778372
1778375
1778695
1778696
1778698
1778699
1778700
1778702
1778705
1778707
1778709
1778711
1778714
1778715
1778717
1778719
1778720
1778721
1778722
1778723
1778724
1778725
1778726
1778728
1778729
1778730
1778731
1778732
1778733
1778734
1778735
1778737
1778738
1778739
1778741
1778743
1778745
1778747
1778748
1778749
1778751
1778752
1778754
1778755
1778756
1778758
1778760
1778826
1778828
1778829
1778831
1778832
1778833
1778836
1778837
1778838
1778840
1778842
1778843
1778844
1778845
1778846
1778848
1778849
1778850
1778852
1778854
1778856
1778858
1778860
1778861
1778862
1778864
1778865
1778866
1778868
1778869
1778870
1778872
1778873
1778874
1778875
1778876
1778878
1778879
1778880
1778881
1778883
1778884
1778885
1778886
1778888
1778890
1778891
1778893
1778894
1778895
1778896
1778897
1778899
1778902
1779735
1780619
1780621
1780623
1780625
1780626
1780627
1780628
1780632
1780634
1784609
1784614
1784618
1784623
