1611928
1611930
1611932
1611934
1611938
1611964
1611978
1611981
1611984
1611988
1611998
1612001
1612003
1612005
1612008
1612011
1612015
1612017
1612019
1612022
1612024
1612026
1612028
1612030
1612056
1612172
1613001
1613099
1613149
1613165
1613166
1613168
1613170
1613174
1613175
1613176
1613177
1613178
1613179
1613180
1613181
1613184
1613185
1613197
1613198
1613202
1613204
1613206
1613207
1613208
1613218
1613523
1613698
1613700
1613702
1613703
1613906
1613935
1616529
1616540
1616541
1616666
1616715
1616716
1616717
1620071
1620080
1620083
1620088
1620092
1620096
1620099
1620122
1620138
1620139
1620141
1620142
1620143
1620145
1620147
1620149
1620150
1620151
1620659
1621923
1622108
1622158
1622160
1622196
1622217
1622363
1622365
1622366
1622368
1622369
1622462
1622529
1622536
1622577
1622594
1622641
1622848
1623160
1623162
1623171
1623173
1623535
1623965
1623967
1623969
1624005
1624020
1624069
1624072
1624081
1624138
1624146
1624152
1624155
1624168
1625370
1625373
1625375
1625378
1625463
1625470
1625473
1625996
1626151
1626237
1626245
1628426
1628441
1628465
1628473
1628477
1628479
1628481
1628617
1628620
1628621
1630027
1630424
1630425
1630426
1630427
1630428
1630432
1630434
1630436
1630437
1630438
1630441
1630445
1630446
1630448
1630450
1631187
1631190
1631194
1631198
1631201
1631496
1632448
1634039
1634040
1634042
1634043
1634048
1634058
1634338
1635730
1635731
1635736
1635738
1635875
1635879
1635911
1635915
1635917
1635922
1635940
1635943
1636508
1636536
1636537
1636538
1636539
1636541
1636542
1636544
1636546
1636547
1636549
1636551
1636553
1636554
1636555
1636556
1636557
1636559
1636561
1636563
1636564
1636565
1636566
1636569
1636570
1636571
1636573
1636575
1636576
1636578
1636579
1637199
1637200
1637201
1637203
1637205
1637640
1637646
1637662
1637704
1637706
1637717
1637743
1637745
1637752
1638353
1638355
1638357
1638362
1638364
1638366
1638484
1638485
1638488
1638575
1638577
1639392
1640843
1641675
1641678
1641680
1641932
1641949
1641951
1641955
1641957
1641975
1641983
1641985
1641989
1642013
1642019
1642029
1642044
1642049
1642213
1642215
1642219
1642228
1642243
1642246
1642248
1642270
1642294
1642309
1642320
1642345
1642355
1642357
1642364
1642373
1642375
1642575
1642687
1642699
1643617
1643624
1643626
1643631
1643633
1643635
1643637
1643688
1643958
1643978
1643983
1643997
1645482
1645483
1645496
1645513
1645518
1645526
1645528
1645545
1645547
1645549
1646033
1646035
1646101
1646105
1646107
1646109
1646112
1646118
1646120
1646121
1646123
1646125
1646129
1646131
1646733
1646785
1646978
1647122
1647470
1647582
1647584
1647587
1647588
1647589
1647590
1647605
1647607
1647636
1647778
1647780
1647788
1647790
1647792
1647832
1647834
1647836
1647839
1647842
1647919
1647921
1647939
1647940
1647941
1647942
1647944
1647946
1647947
1647948
1647959
1647975
1648013
1648019
1648022
1648027
1648738
1648800
1648803
1648805
1648816
1648820
1648823
1648850
1648869
1648876
1648880
1648906
1648911
1649133
1649163
1649190
1649215
1649222
1649236
1649238
1649242
1649244
1649245
1649248
1649249
1649261
1649262
1649265
1649268
1649269
1649371
1650514
1650516
1650518
1650548
1650552
1650566
1650572
1650574
1650578
1650580
1650582
1651085
1651099
1651101
1651103
1651109
1651170
1651289
1651397
1651405
1651407
1651467
1651477
1652358
1652360
1652677
1652691
1652741
1652743
1652745
1652838
1654761
1654780
1654799
1654801
1654804
1655181
1655183
1655705
1655710
1655712
1655714
1655717
1655719
1655721
1655724
1655726
1655730
1655732
1655734
1655736
1655743
1655745
1655766
1655770
1655772
1655774
1655776
1655886
1655888
1655892
1655894
1655896
1655899
1655902
1655906
1655947
1655949
1656001
1656016
1656035
1656542
1656547
1656549
1656551
1656554
1656556
1656557
1656561
1656566
1656568
1656569
1656570
1656571
1656572
1656573
1656574
1656575
1656576
1656937
1656942
1656943
1656945
1656947
1656950
1656953
1656956
1657460
1657463
1657467
1657469
1657471
1657512
1657514
1657515
1657518
1657520
1657525
1657527
1657529
1657531
1657533
1657535
1657537
1657539
1657541
1657543
1657574
1657576
1657578
1658550
1658574
1658664
1658674
1659600
1659602
1659604
1659606
1659608
1659611
1659613
1659629
1660272
1660315
1660324
1661170
1661172
1663142
1663144
1663146
1663151
1663153
1663191
1664252
1664253
1666516
1666517
1666518
1666671
1666687
1667823
1667826
1667828
1667835
1667837
1667838
1667841
1667845
1667846
1670603
1670604
1671345
1671444
1671445
1671446
1671448
1671449
1671451
1671560
1672331
1673664
1673669
1673680
1673686
1673689
1673690
1674537
1674539
1674545
1674547
1674554
1674559
1674614
1674620
1674622
1674625
1674628
1674630
1674632
1674645
1674650
1674655
1674667
1674670
1674680
1674686
1674693
1674695
1674702
1674707
1674713
1674733
1674735
1674738
1674740
1674744
1674757
1675219
1675222
1675256
1675262
1675273
1675350
1675354
1675357
1675361
1675363
1675365
1675368
1675371
1675373
1675377
1675392
1675417
1675428
1675438
1675443
1675445
1675446
1675450
1675459
1675511
1675526
1675577
1675711
1675713
1675714
1675733
1675762
1675876
1675877
1675878
1675880
1675882
1675883
1675884
1675885
1675886
1675988
1675990
1675991
1675993
1675994
1676028
1676109
1676122
1676123
1676124
1676125
1676126
1676312
1676314
1676315
1676316
1676317
1676514
1676529
1676631
1676644
1676646
1676647
1676649
1676652
1676653
1676654
1676764
1676846
1676847
1676848
1676850
1676851
1676853
1677392
1677588
1677714
1677893
1677901
1677902
1677903
1677904
1677936
1678022
1678040
1678802
1678803
1678804
1678806
1678807
1678809
1678810
1678811
1678993
1678994
1678995
1678996
1678997
1679029
1679128
1679129
1679130
1679132
1679134
1679136
1679140
1679142
1679210
1679265
1679266
1679267
1679268
1679271
1679680
1679731
1679765
1679766
1679790
1679791
1679793
1679795
1679797
1679799
1679800
1679801
1679802
1679803
1679805
1679806
1679807
1679811
1679813
1679814
1679816
1679817
1679819
1679820
1679822
1679824
1679826
1679830
1679832
1679833
1679834
1679836
1679838
1679839
1679840
1679842
1679844
1679845
1679848
1679858
1679863
1679864
1679867
1679873
1679874
1679875
1679876
1679878
1679879
1679880
1679883
1679889
1679890
1679892
1679894
1679897
1679898
1679900
1679903
1679904
1679906
1679908
1679909
1679910
1679911
1679920
1679929
1679931
1679933
1679934
1679936
1679938
1679940
1679942
1679944
1679949
1679951
1679956
1679958
1679960
1679962
1679964
1679965
1679966
1679967
1679968
1679970
1679972
1679973
1679974
1679976
1679978
1679981
1679984
1679986
1679987
1679988
1679990
1679992
1679994
1679995
1679997
1679999
1680001
1680003
1680005
1680007
1680011
1680012
1680014
1680015
1680017
1680019
1680020
1680024
1680026
1680027
1680031
1680033
1680034
1680035
1680038
1680040
1680043
1680044
1680046
1680048
1680050
1680053
1680057
1680062
1680078
1680081
1680084
1680086
1680091
1680093
1680103
1680112
1680113
1680116
1680119
1680124
1680128
1680130
1680133
1680138
1680143
1680146
1680149
1680151
1680155
1680156
1680158
1680160
1680162
1680163
1680165
1680167
1680170
1680172
1680173
1680175
1680176
1680178
1680180
1680182
1680183
1680187
1680189
1680191
1680194
1680197
1680199
1680202
1680204
1680205
1680206
1680208
1680210
1680212
1680214
1680216
1680218
1680220
1680222
1680224
1680225
1680228
1680229
1680230
1680232
1680234
1680235
1680236
1680238
1680240
1680242
1680245
1680246
1680247
1680249
1680251
1680253
1680255
1680257
1680259
1680263
1680266
1680268
1680270
1680273
1680275
1680277
1680279
1680281
1680284
1680286
1680288
1680290
1680292
1680294
1680296
1680298
1680300
1680301
1680303
1680306
1680308
1680309
1680311
1680315
1680317
1680320
1680322
1680324
1680326
1680327
1680329
1680331
1680334
1680335
1680337
1680338
1680340
1680343
1680345
1680349
1680351
1680353
1680355
1680360
1680362
1680363
1680364
1680366
1680367
1680368
1680371
1680373
1680375
1680376
1680379
1680380
1680383
1680385
1680388
1680390
1680392
1680395
1680397
1680398
1680401
1680402
1680405
1680408
1680409
1680411
1680413
1680414
1680418
1680420
1680421
1680423
1680425
1680427
1680429
1680431
1680433
1680435
1680437
1680439
1680441
1680442
1680444
1680447
1680448
1680450
1680452
1680454
1680457
1680459
1680460
1680461
1680465
1680466
1681301
1681306
1681308
1681309
1681310
1681347
1681350
1681358
1681396
1681495
1681496
1681499
1681520
1681537
1681551
1681553
1681559
1681672
1681702
1681703
1681705
1681706
1681707
1681709
1681711
1681713
1681714
1682234
1682270
1682272
1682295
1682764
1682765
1682767
1682768
1682770
1682772
1682773
1682774
1682775
1682776
1682778
1683106
1683107
1683110
1683112
1683114
1683117
1683118
1683120
1683123
1683126
1683128
1683129
1683130
1683134
1683244
1683332
1683348
1683394
1683506
1683513
1683757
1684050
1684051
1684052
1684056
1684057
1684063
1684116
1684118
1684119
1684120
1684121
1684122
1684125
1684126
1684127
1684129
1684130
1684132
1684134
1684136
1684138
1684140
1684142
1684144
1684146
1684147
1684148
1684152
1684154
1684156
1684157
1684482
1684490
1684547
1684557
1684567
1684570
1684591
1684738
1684744
1684747
1684749
1684768
1684770
1684774
1684899
1684900
1684915
1684946
1684952
1684955
1684957
1684959
1684961
1684962
1684963
1684965
1684967
1684968
1685031
1685049
1685051
1685072
1685317
1685319
1685343
1685379
1685435
1685444
1685458
1685460
1685462
1685463
1685464
1685465
1685466
1685471
1685473
1685516
1685527
1685544
1685674
1685676
1685678
1685679
1685693
1685731
1685753
1685774
1685882
1685884
1685886
1685888
1685890
1685891
1685892
1685894
1685896
1685897
1685898
1685899
1685900
1685903
1685904
1685906
1685907
1685910
1685914
1685919
1686037
1686046
1686056
1686059
1686394
1686400
1686461
1686462
1686477
1686478
1686480
1686481
1686483
1686484
1686486
1686488
1686489
1686490
1686493
1686495
1686496
1686497
1686498
1686499
1686500
1686501
1686502
1686504
1686856
1686859
1686894
1686925
1686929
1686934
1686939
1686940
1686942
1686949
1686952
1686962
1686967
1686975
1686976
1686979
1686980
1686981
1686982
1686983
1686984
1686986
1686998
1687000
1687001
1687002
1687004
1687006
1687008
1687089
1687090
1687181
1687183
1687184
1687189
1687191
1687193
1687194
1687195
1687196
1687197
1687286
1687288
1687309
1687350
1687359
1687385
1687396
1687400
1687409
1687429
1687530
1687549
1687704
1687709
1687718
1687737
1687745
1687755
1687767
1687797
1687799
1687890
1688239
1688255
1688256
1688360
1688361
1689547
1689549
1689550
1689554
1689560
1689563
1689569
1689580
1689582
1689586
1689589
1689590
1689592
1689593
1689594
1689595
1689597
1689598
1689600
1689602
1689603
1689604
1690272
1690276
1690316
1690570
1690574
1690575
1692000
1692003
1692092
1692094
1692095
1692097
1692098
1692100
1692103
1692105
1692110
1692112
1692114
1692115
1692117
1692118
1692121
1692123
1692124
1692134
1692137
1692138
1692139
1692141
1692142
1692143
1692144
1692148
1692156
1692175
1692181
1692279
1692282
1692284
1692286
1692325
1692333
1692381
1693523
1693527
1693645
1693679
1693784
1693786
1693907
1693909
1693913
1694204
1694206
1694212
1694364
1694366
1694367
1694369
1694370
1694373
1694433
1694452
1694455
1694457
1694459
1695102
1695104
1695105
1695107
1695108
1695109
1695111
1695112
1695114
1695115
1695117
1695118
1695119
1695121
1695122
1695124
1695126
1695128
1695131
1695133
1695137
1695139
1695140
1695142
1695148
1695151
1695154
1695160
1695163
1695167
1695172
1695175
1695177
1695179
1695181
1695183
1695185
1695188
1695190
1695193
1695195
1695197
1695198
1695200
1695201
1695203
1695205
1695207
1695208
1695211
1695213
1695216
1695219
1695222
1695224
1695227
1695229
1695232
1695234
1695236
1695239
1695241
1695244
1695245
1695247
1695249
1695251
1695254
1695256
1695257
1695259
1695260
1695261
1695262
1695263
1695264
1695265
1695270
1695272
1695273
1695275
1695277
1695279
1695281
1695282
1695284
1695285
1695287
1695289
1695293
1695295
1695298
1695300
1695309
1695311
1695313
1695317
1695319
1695322
1695323
1695326
1695327
1695328
1695329
1695330
1695331
1695332
1695333
1695335
1695336
1695338
1695341
1695343
1695345
1695346
1695348
1695350
1695351
1695353
1695355
1695358
1695360
1695362
1695364
1695367
1695369
1695371
1695373
1695375
1695377
1695378
1695380
1695382
1695384
1695390
1695392
1695394
1695397
1695399
1695401
1695402
1695403
1695405
1695407
1695409
1695411
1695413
1695415
1695417
1695419
1695421
1695423
1695425
1695426
1695427
1695429
1695430
1695432
1695434
1695437
1695438
1695439
1695441
1695442
1695444
1695445
1695448
1695450
1695452
1695454
1695456
1695457
1695459
1695460
1695462
1695463
1695465
1695467
1695468
1695469
1695471
1695473
1695475
1695476
1695478
1695482
1695486
1695488
1695491
1695495
1695496
1695501
1695504
1695505
1695507
1695511
1695514
1695518
1695522
1695524
1695526
1695529
1695530
1695532
1695535
1695538
1695539
1695541
1695545
1695548
1695549
1695552
1695553
1695555
1695557
1695558
1695560
1695563
1695564
1695566
1695567
1695568
1695570
1695572
1695574
1695576
1695578
1695580
1695581
1695582
1695584
1695585
1695587
1695589
1695590
1695592
1695594
1695595
1695597
1695598
1695600
1695601
1695602
1695604
1695606
1695608
1695609
1695611
1695612
1695613
1695616
1695617
1695619
1695621
1695624
1695625
1695627
1695628
1695631
1695634
1695635
1695637
1695639
1695642
1695644
1695646
1695649
1695651
1695653
1695655
1695667
1695669
1695671
1695679
1695681
1695683
1695685
1695687
1695692
1695693
1695694
1695697
1695699
1695703
1695705
1695706
1695709
1695713
1695714
1695716
1695718
1695720
1695723
1695788
1695790
1695793
1696029
1696036
1696041
1696045
1696080
1696115
1696173
1696174
1696175
1696176
1696178
1696179
1696180
1696181
1696183
1696184
1696186
1696188
1696189
1696190
1696193
1696196
1696197
1696199
1696200
1696202
1696203
1696204
1696205
1696207
1696209
1696212
1696214
1696216
1696218
1696220
1696222
1696223
1696225
1696226
1696227
1696230
1696232
1696233
1696235
1696236
1696237
1696238
1696240
1696241
1696244
1696246
1696249
1696253
1696257
1696259
1696262
1696264
1696267
1696269
1696271
1696273
1696275
1696277
1696279
1696281
1696282
1696287
1696289
1696291
1696292
1696294
1696297
1696298
1696304
1696306
1696307
1696308
1696310
1696312
1696313
1696316
1696319
1696321
1696323
1696325
1696326
1696328
1696330
1696332
1696333
1696334
1696336
1696338
1696340
1696341
1696343
1696346
1696348
1696352
1696354
1696355
1696356
1696357
1696359
1696361
1696363
1696364
1696365
1696368
1696370
1696371
1696373
1696374
1696375
1696377
1696378
1696379
1696380
1696381
1696382
1696383
1696384
1696386
1696388
1696389
1696390
1696391
1696394
1696395
1696396
1696397
1696398
1696399
1696401
1696403
1696404
1696405
1696407
1696410
1696412
1696416
1696417
1696419
1696420
1696421
1696423
1696424
1696426
1696428
1696430
1696431
1696432
1696433
1696435
1696436
1696438
1696440
1696447
1696450
1696451
1696453
1696454
1696456
1696460
1696462
1696464
1696466
1696467
1696469
1696471
1696472
1696473
1696475
1696477
1696480
1696647
1697125
1697478
1697481
1697545
1697547
1697549
1697551
1697553
1697555
1697557
1697558
1697560
1697562
1697564
1697572
1697769
1697847
1697848
1697849
1697850
1697851
1697852
1697854
1697855
1697860
1697862
1697863
1697867
1697869
1697873
1697874
1697876
1697879
1697882
1697883
1697885
1697887
1697889
1697893
1697895
1697896
1697898
1697899
1697901
1697903
1697905
1697907
1697908
1697910
1697911
1697915
1697919
1697921
1697955
1697956
1697967
1697981
1697994
1697996
1698025
1698161
1698163
1698168
1698205
1698219
1698239
1698241
1698247
1698249
1698258
1698262
1698265
1698268
1698362
1698463
1698690
1698708
1698709
1698723
1698741
1698769
1698771
1698800
1698803
1698806
1698824
1698826
1698862
1698872
1698874
1698907
1698908
1698924
1698938
1698949
1698952
1698997
1698999
1699001
1699221
1699664
1699682
1699698
1699709
1699749
1699750
1699756
1699757
1699758
1699759
1699760
1699762
1699764
1699766
1699767
1699768
1699770
1699772
1699774
1699775
1699776
1699777
1699780
1699782
1699783
1699784
1699788
1699790
1699791
1699793
1699795
1699797
1699798
1699800
1699802
1699803
1699804
1699805
1699807
1699808
1699810
1699812
1699814
1699815
1699816
1699817
1699819
1699821
1699823
1699824
1699826
1699828
1699830
1699832
1699833
1699835
1699837
1699839
1699842
1699849
1699850
1699942
1699943
1699944
1699945
1699946
1699947
1699949
1699950
1699951
1699952
1699956
1699970
1699976
1699979
1699993
1700005
1700006
1700007
1700079
1700102
1700164
1700172
1700189
1700307
1700314
1700317
1700318
1700319
1700320
1700369
1700371
1700374
1700376
1700427
1700451
1700453
1700454
1700455
1700456
1700457
1700458
1700460
1700462
1700463
1700472
1700473
1700474
1700475
1700477
1700479
1700489
1700788
1701290
1701300
1701303
1701307
1701314
1701347
1701349
1701478
1701479
1701481
1701484
1701486
1701488
1701490
1701491
1701492
1701494
1701495
1701497
1701498
1701500
1701502
1701504
1701507
1701509
1701511
1701513
1701514
1701515
1701914
1701958
1702000
1702002
1702004
1702006
1702008
1702009
1702012
1702014
1702017
1702019
1702021
1702023
1702024
1702025
1702027
1702030
1702032
1702034
1702035
1702038
1702041
1702043
1702045
1702047
1702048
1702050
1702052
1702054
1702056
1702058
1702062
1702065
1702066
1702068
1702072
1702074
1702076
1702077
1702079
1702081
1702084
1702085
1702086
1702087
1703146
1703147
1703149
1703151
1703153
1703154
1703157
1703159
1703160
1703162
1703834
1703860
1703861
1704190
1704224
1704251
1704254
1704256
1704583
1704584
1704585
1704750
1704758
1704760
1704763
1705000
1705016
1705030
1705038
1705039
1705040
1705041
1705054
1705055
1705057
1705539
1705566
1705568
1705570
1705572
1705574
1705600
1705601
1705632
1705634
1705637
1705652
1705696
1705698
1705755
1705765
1705784
1705810
1705811
1705929
1705982
1705984
1706010
1706013
1706017
1706019
1706037
1706042
1706143
1706144
1706145
1706147
1706157
1706159
1706164
1706169
1706180
1706187
1706190
1706197
1706201
1706208
1706209
1706211
1706213
1706219
1706232
1706234
1706236
1706272
1706344
1706409
1706624
1706633
1706635
1706637
1706641
1706669
1706674
1706701
1706713
1706746
1706760
1706762
1706764
1706767
1706773
1706802
1706806
1706845
1706917
1706918
1706919
1706920
1706921
1706976
1706994
1707004
1707017
1707026
1707030
1707479
1707481
1707482
1707483
1707485
1707486
1707489
1707490
1707491
1707493
1707494
1708032
1708035
1708453
1708548
1708576
1708578
1708748
1708751
1708803
1708805
1708806
1708808
1708810
1708812
1708816
1708821
1708823
1708828
1708832
1708854
1708856
1708858
1708861
1708869
1708870
1708872
1708888
1708890
1708891
1708892
1708893
1708895
1708896
1708897
1708898
1708899
1708900
1708977
1708978
1708979
1708980
1708982
1710045
1710046
1710211
1710212
1710214
1710216
1710217
1710218
1710219
1710977
1710980
1711074
1711076
1711078
1711079
1711080
1711082
1711083
1711084
1711085
1711087
1711088
1711092
1711093
1711094
1711108
1711109
1711111
1711113
1711320
1711328
1712024
1712033
1712188
1712725
1712727
1712728
1712730
1712732
1712734
1712816
1712832
1712847
1712849
1713064
1713065
1713067
1713253
1713255
1713257
1713258
1713259
1713260
1713261
1713480
1713485
1713486
1713487
1713488
1713489
1713491
1713494
1713609
1713893
1714063
1714064
1714066
1714068
1714069
1714110
1714114
1714115
1714117
1714119
1714120
1714121
1714122
1714123
1714170
1714196
1714198
1714199
1714202
1714205
1714332
1714334
1714337
1714346
1714348
1714357
1714358
1714360
1714361
1714362
1714377
1714390
1714486
1714841
1714842
1714865
1714867
1714869
1714872
1714922
1718331
1718332
1718334
1718336
1718348
1718349
1718351
1718353
1718356
1718358
1718359
1718361
1718362
1718364
1718365
1718369
1718371
1718372
1718373
1718374
1718376
1718378
1718379
1718380
1718383
1718384
1718386
1718387
1718389
1718395
1718397
1718399
1718401
1718403
1718405
1718413
1718416
1718417
1718419
1718420
1718424
1718425
1718427
1718431
1718437
1718438
1718440
1718441
1718442
1718445
1718447
1718449
1718451
1718453
1718454
1718455
1718456
1718457
1718458
1718459
1718461
1718462
1718464
1718468
1718472
1718474
1718476
1718479
1718481
1718482
1718483
1718484
1718485
1718487
1718491
1718495
1718497
1718498
1718499
1718501
1718503
1718504
1718505
1718507
1718509
1718511
1718514
1718516
1718518
1718520
1718524
1718525
1718528
1718529
1718530
1718531
1718532
1718534
1718536
1718537
1718539
1718540
1718542
1718544
1718545
1718547
1718548
1718550
1718551
1718552
1718553
1718554
1718555
1718557
1718558
1718562
1718564
1718565
1718567
1718569
1718571
1718574
1718575
1718577
1718579
1718581
1718582
1718584
1718585
1718587
1718588
1718590
1718592
1718593
1718595
1718597
1718599
1718601
1718602
1718603
1718605
1718607
1718608
1718609
1718610
1718612
1718613
1718615
1718616
1718618
1718619
1718620
1718621
1718623
1718626
1718628
1718630
1718632
1718634
1718636
1718637
1718639
1718640
1718642
1718643
1718644
1718645
1718647
1718648
1718650
1718652
1718654
1718656
1718658
1718660
1718662
1718664
1718666
1718668
1718671
1718675
1718676
1718677
1718679
1718681
1718682
1718684
1718685
1718686
1718688
1718689
1718692
1718694
1718696
1718697
1718701
1718702
1718703
1718704
1718706
1718709
1718710
1718711
1718713
1718715
1718717
1718718
1718720
1718722
1718724
1718726
1718727
1718729
1718730
1718731
1718732
1718734
1718736
1718737
1718738
1718739
1718741
1718743
1718744
1718746
1718748
1718751
1718754
1718755
1718756
1718758
1718759
1718761
1718762
1718763
1718764
1718767
1718769
1718771
1718772
1718773
1718775
1718778
1718780
1718782
1718783
1718784
1718785
1718786
1718787
1718789
1718790
1718791
1718792
1718793
1718794
1718795
1718796
1718797
1718798
1718801
1718803
1718805
1718807
1718810
1718814
1718816
1718818
1718819
1718820
1718822
1718825
1718826
1718829
1718830
1718832
1718834
1718835
1718837
1718839
1718841
1718842
1718844
1718845
1718846
1718847
1718848
1718850
1718851
1718852
1718855
1718858
1718860
1718862
1718864
1718866
1718871
1718875
1718877
1718878
1718880
1718882
1718883
1719646
1719661
1719664
1719666
1719669
1719673
1719675
1719677
1719679
1719681
1719683
1719685
1719687
1719692
1719694
1719701
1719703
1719705
1719707
1719709
1719711
1719713
1719715
1719718
1719719
1719721
1719724
1719726
1719757
1719759
1719760
1719761
1719762
1719764
1719789
1719792
1719804
1719805
1719808
1719809
1719841
1719854
1719878
1719882
1719888
1719898
1719908
1719952
1719988
1719992
1720092
1720100
1720102
1720158
1720159
1720161
1720166
1720176
1720177
1720186
1720187
1720193
1720196
1720198
1720199
1720202
1720210
1720213
1720224
1720226
1720231
1720232
1720242
1720244
1720248
1720250
1720262
1720269
1720271
1720275
1720279
1720288
1720297
1720299
1720300
1720301
1720303
1720305
1720306
1720310
1720312
1720313
1720326
1720331
1720339
1720347
1720358
1720360
1720362
1720365
1720366
1720370
1720372
1720375
1720384
1720385
1720386
1720388
1720393
1720395
1720398
1720399
1720403
1720406
1720408
1720412
1720416
1720421
1720425
1720430
1720433
1720435
1720437
1720442
1720445
1720459
1720462
1720465
1720472
1720479
1720485
1720487
1720495
1720497
1720499
1720513
1720525
1720527
1720570
1720587
1720592
1720593
1720597
1720599
1720619
1720623
1720628
1720634
1720635
1720638
1720647
1720655
1720659
1720664
1720679
1720707
1720729
1720731
1720781
1720782
1720784
1720819
1720858
1720877
1720880
1720882
1720884
1720895
1720897
1720902
1720903
1720905
1720907
1720908
1720910
1720915
1720917
1720923
1720924
1720927
1720929
1720930
1720944
1720986
1720993
1720996
1720999
1721003
1721004
1721007
1721010
1721012
1721014
1721018
1721022
1721025
1721031
1721037
1721047
1721048
1721050
1721051
1721053
1721055
1721059
1721063
1721065
1721067
1721069
1721073
1721074
1721076
1721085
1721088
1721091
1721103
1721105
1721106
1721118
1721120
1721122
1721126
1721128
1721131
1721136
1721140
1721141
1721143
1721145
1721147
1721157
1721163
1721165
1721172
1721173
1721178
1721180
1721182
1721186
1721188
1721190
1721192
1721201
1721205
1721209
1721212
1721216
1721220
1721231
1721244
1721246
1721248
1721251
1721255
1721257
1721259
1721260
1721262
1721284
1721285
1721288
1721300
1721381
1721384
1721386
1721388
1721427
1721464
1721485
1722160
1722162
1722239
1722240
1722242
1722244
1722245
1722246
1722247
1722249
1722250
1722252
1722254
1722256
1722258
1722260
1722263
1722265
1722275
1722284
1722286
1722290
1722291
1722292
1722293
1722294
1722295
1722296
1722302
1722320
1722421
1722423
1722511
1722541
1722557
1722673
1722779
1722781
1722784
1722787
1722799
1722942
1722986
1722995
1723001
1723493
1723495
1723499
1723507
1723513
1723514
1723515
1723516
1723517
1724138
1724139
1724189
1724193
1724198
1724278
1724298
1724299
1724300
1724302
1724304
1724305
1724307
1724309
1724310
1724312
1724313
1724370
1724372
1724383
1724384
1724406
1724512
1724541
1724559
1724562
1724565
1724585
1724586
1724588
1724590
1724628
1724631
1724634
1724636
1724638
1724639
1724641
1724643
1724645
1724646
1724648
1724649
1724651
1724652
1724655
1724657
1724659
1724666
1724669
1724670
1724714
1724723
1724745
1724747
1724765
1724768
1724770
1724772
1724774
1724779
1724781
1724783
1724804
1724805
1724806
1724807
1724809
1724811
1724812
1724814
1724936
1724943
1724945
1724949
1724961
1725034
1725061
1725069
1725097
1725217
1725251
1725365
1725654
1725696
1725702
1725705
1725706
1725707
1725708
1725710
1725711
1725715
1725716
1725717
1725723
1725724
1725725
1725726
1725728
1725729
1725731
1725732
1725734
1725736
1725737
1725738
1725739
1725740
1725742
1725747
1725748
1725751
1725753
1725754
1725756
1725765
1725768
1725770
1725775
1725777
1725779
1725780
1725781
1726056
1726059
1726063
1726064
1726066
1726068
1726071
1726073
1726076
1726131
1726133
1726146
1726157
1726169
1726172
1726194
1726244
1726271
1726273
1726290
1726292
1726301
1726303
1726307
1726309
1726311
1726315
1726320
1726323
1726325
1726327
1726328
1726333
1726343
1726344
1726345
1726346
1726347
1726348
1726349
1726351
1726352
1726353
1726354
1726356
1726358
1726360
1726362
1726363
1726365
1726367
1726482
1726484
1726486
1726488
1726489
1726490
1726521
1726523
1726524
1726525
1726526
1726527
1726528
1726530
1726912
1726937
1726940
1726943
1727647
1727818
1727820
1728178
1728179
1728198
1728266
1728286
1728300
1728305
1728310
1728312
1728314
1728493
1728507
1728509
1728534
1728547
1728556
1728567
1728568
1728570
1728572
1728573
1728574
1728575
1728577
1728578
1728580
1728581
1728584
1728586
1728592
1728596
1728598
1728599
1728600
1728605
1728606
1728608
1728611
1728613
1728614
1728626
1728629
1728633
1728635
1728637
1728639
1728642
1728644
1728646
1728650
1728658
1728663
1728670
1728682
1728688
1728691
1728701
1728706
1728712
1728715
1728716
1728717
1728718
1728720
1728725
1728727
1728732
1728743
1728745
1728749
1728754
1728758
1728759
1728761
1728762
1728764
1728767
1728770
1728772
1728773
1728777
1728779
1728780
1728781
1728782
1728784
1728786
1728787
1728788
1728789
1728791
1728793
1728795
1728798
1728800
1728803
1728805
1728807
1728808
1728810
1728811
1728821
1728823
1728825
1728828
1728834
1728846
1728849
1728857
1728859
1728860
1728861
1728865
1728867
1728869
1728870
1728872
1728873
1728874
1728875
1728876
1728877
1728879
1728884
1728887
1728890
1728892
1728894
1728896
1728898
1728900
1728905
1728906
1728910
1728912
1728916
1728918
1728926
1728931
1728933
1728935
1728936
1728938
1728994
1729263
1729265
1729365
1729507
1729512
1729515
1729517
1729519
1729521
1729523
1729526
1729530
1729533
1729535
1729537
1729539
1729542
1729551
1729553
1729561
1729562
1729594
1729595
1729823
1729825
1729832
1729834
1729905
1729912
1729914
1729917
1729927
1729931
1729954
1729964
1729966
1729996
1730230
1730968
1730985
1730988
1730990
1730992
1731327
1731553
1731592
1731593
1731594
1731596
1731600
1731601
1731602
1731605
1731608
1731671
1731675
1731677
1731679
1731683
1731765
1731897
1731899
1731900
1731902
1731904
1731905
1731907
1731908
1731911
1731912
1731913
1731933
1732026
1732046
1732057
1732098
1732113
1732407
1732419
1732421
1732422
1732424
1732425
1732428
1732429
1732431
1732433
1732434
1732436
1732438
1732439
1732443
1732454
1732456
1732458
1732459
1732461
1732464
1732468
1732470
1732472
1732474
1732476
1732478
1732480
1732482
1732487
1732585
1732589
1732591
1732592
1732594
1732595
1732596
1732599
1732601
1732603
1732606
1732609
1732611
1732615
1732618
1732620
1732621
1732622
1732625
1732627
1732694
1732827
1732834
1732839
1732841
1732858
1732862
1732865
1732867
1732868
1732875
1732882
1732894
1732895
1732902
1732979
1733139
1733145
1733162
1733177
1733838
1733947
1733949
1733991
1733993
1733995
1734105
1734131
1734135
1734139
1734143
1734150
1734158
1734159
1734160
1734161
1734162
1734163
1734164
1734165
1734166
1734167
1734168
1734171
1734173
1734292
1734371
1734373
1734375
1734376
1734377
1734378
1734379
1734381
1734382
1734564
1734595
1734600
1734698
1734933
1734935
1734981
1734986
1734988
1734990
1735034
1735036
1735038
1735040
1735069
1735077
1735079
1735094
1735129
1735151
1735153
1735154
1735155
1735183
1735185
1735213
1735228
1735229
1735230
1735236
1735240
1735532
1735533
1735553
1735555
1735688
1735809
1735814
1735815
1735817
1735819
1735821
1735953
1735993
1736188
1736189
1736190
1736200
1736201
1736261
1736263
1736265
1736267
1736269
1736270
1736271
1736272
1736273
1736274
1736276
1736277
1736278
1736280
1736282
1736284
1736288
1736291
1736293
1736294
1736296
1736297
1736299
1736301
1736303
1736306
1736307
1736308
1736310
1736313
1736315
1736317
1737042
1737044
1737046
1737058
1737059
1737099
1737114
1737115
1737116
1737119
1737122
1737134
1737135
1737138
1737140
1737151
1737153
1737164
1737165
1737177
1737197
1737205
1737434
1737437
1737456
1737459
1737472
1737508
1737511
1737513
1737530
1737559
1737560
1737563
1737565
1737621
1737626
1737628
1737629
1737652
1737715
1737718
1737746
1737748
1737771
1738544
1738546
1738547
1738549
1738551
1738554
1738556
1738561
1738575
1738576
1738786
1738791
1738793
1738801
1738804
1738809
1738815
1738820
1738828
1738830
1738852
1738920
1738922
1738973
1738984
1739041
1739055
1739075
1739087
1739091
1739149
1739155
1739158
1739162
1739186
1739188
1739189
1739190
1739192
1739193
1739576
1739578
1739582
1739587
1739648
1739671
1739672
1739684
1739685
1739714
1739718
1739723
1739725
1739781
1739807
1739811
1739815
1739823
1739825
1739875
1739877
1739879
1740127
1740132
1740134
1740142
1740145
1740150
1740156
1740161
1740169
1740171
1740193
1740261
1740263
1740314
1740325
1740382
1740396
1740416
1740428
1740432
1740525
1740547
1740555
1740817
1740819
1740821
1740826
1740828
1740832
1741004
1741020
1741038
1741040
1741043
1741090
1741106
1741180
1741182
1741345
1741353
1741463
1741466
1741483
1741485
1741532
1741611
1741613
1741618
1741622
1741627
1741632
1741634
1741635
1741638
1741646
1741797
1741799
1741801
1741802
1741803
1741805
1741807
1741808
1741810
1741813
1741816
1741819
1741820
1741823
1741824
1741826
1741828
1741829
1741831
1741833
1741905
1741933
1741934
1741937
1741939
1741943
1741947
1741949
1741992
1741999
1742003
1742021
1742027
1742036
1742049
1742050
1742051
1742053
1742055
1742056
1742059
1742061
1742063
1742064
1742065
1742067
1742068
1742069
1742070
1742071
1742072
1742073
1742074
1742144
1742146
1742165
1742167
1742199
1742210
1742283
1742338
1742341
1742342
1742409
1742412
1742419
1742422
1742424
1742444
1742446
1742493
1742572
1742585
1742649
1742652
1742654
1742656
1742657
1742658
1742659
1742660
1742662
1742664
1742696
1742697
1742698
1742700
1742702
1742704
1742706
1742707
1742708
1742709
1742710
1742712
1742713
1742715
1742717
1742718
1742719
1742721
1742723
1742725
1742727
1742729
1742731
1742733
1742736
1742742
1742744
1742746
1742748
1742749
1742751
1742753
1742754
1742756
1742757
1742759
1742761
1742762
1742763
1742766
1742768
1742769
1742771
1742773
1742775
1742777
1742779
1742781
1742783
1742785
1742787
1742788
1742790
1742791
1742793
1742796
1742798
1742800
1742802
1742806
1742807
1742808
1742810
1742811
1742812
1742813
1742815
1742817
1742821
1742823
1742825
1742826
1742828
1742829
1742833
1742835
1742836
1742837
1742839
1742840
1742842
1742844
1742846
1742848
1742849
1742850
1742852
1742855
1742857
1742858
1742861
1742862
1742863
1742865
1742867
1742869
1742871
1742874
1742876
1742877
1742878
1742880
1742882
1742885
1742887
1742889
1742891
1742893
1742895
1742898
1742900
1742902
1742904
1742905
1742907
1742909
1742910
1742911
1742914
1742916
1742918
1742920
1742923
1742925
1742926
1742927
1742932
1742934
1742937
1742938
1742941
1742943
1742947
1742949
1742950
1742955
1742962
1742963
1742964
1742965
1742968
1742971
1742972
1742974
1742981
1742983
1742984
1742985
1742987
1742988
1742991
1742994
1742999
1743000
1743002
1743004
1743005
1743006
1743008
1743013
1743015
1743016
1743017
1743018
1743021
1743024
1743026
1743027
1743029
1743031
1743033
1743034
1743036
1743037
1743038
1743201
1743203
1743204
1743205
1743206
1743226
1743234
1743245
1743384
1743405
1743408
1743410
1743412
1743413
1743414
1743415
1743416
1743418
1743420
1743427
1743428
1743429
1743430
1743433
1743434
1743439
1743441
1743443
1743444
1743445
1743446
1743448
1743449
1743450
1743452
1743453
1743456
1743458
1743460
1743462
1743465
1743466
1743468
1743474
1743475
1743476
1743477
1743478
1743480
1743593
1743598
1743600
1743603
1743605
1743607
1743608
1743610
1743613
1743615
1743617
1743629
1743631
1743685
1743688
1743733
1743735
1743737
1743752
1743800
1743816
1743825
1743845
1743846
1743847
1743848
1743850
1743853
1743854
1743855
1743856
1743857
1743859
1743862
1743864
1743868
1743870
1743871
1743944
1743949
1743950
1743952
1744006
1744008
1744013
1744026
1744030
1744032
1744066
1744068
1744070
1744072
1744075
1744077
1744088
1744092
1744095
1744097
1744173
1744178
1744180
1744181
1744183
1744186
1744193
1744203
1744340
1744351
1744357
1744404
1744581
1744621
1744652
1744672
1744673
1744674
1744688
1744708
1744716
1744718
1744723
1744740
1745137
1745675
1745678
1745707
1745711
1745714
1745715
1745716
1745717
1745718
1745719
1745721
1745722
1745723
1745725
1745726
1745727
1745728
1745729
1745731
1745733
1745734
1745853
1745856
1745858
1746144
1746147
1746156
1746157
1746169
1746173
1746176
1746181
1746186
1746192
1746195
1746201
1746205
1746210
1746218
1746220
1746224
1746240
1746242
1746248
1746252
1746558
1746563
1746564
1746565
1746566
1746567
1746591
1746626
1747646
1747648
1747649
1747650
1747653
1747656
1747897
1747898
1747899
1747900
1747957
1747959
1747988
1747990
1747997
1748006
1748037
1748056
1748059
1748064
1748068
1748070
1748072
1748091
1748102
1748103
1748109
1748622
1748884
1748913
1748953
1749059
1749088
1749204
1749207
1749217
1749230
1749250
1749252
1749254
1749256
1749258
1749262
1749263
1749264
1749292
1749320
1749329
1749330
1749339
1749354
1749357
1749359
1749368
1749380
1749382
1749386
1749395
1749397
1749469
1749471
1749473
1749477
1749479
1749485
1749506
1749530
1749531
1749532
1749534
1749535
1749536
1749537
1749538
1749540
1749542
1749543
1749544
1749545
1749547
1749548
1749551
1749557
1749560
1749563
1749617
1749735
1749738
1749748
1749761
1749781
1749783
1749785
1749787
1749789
1749793
1749794
1749795
1749823
1749851
1749859
1749860
1749870
1749885
1749888
1749890
1749899
1749911
1749913
1749917
1749926
1749928
1749999
1750001
1750003
1750007
1750009
1750015
1750036
1750184
1750218
1750220
1750222
1750232
1750235
1750304
1750305
1750363
1750398
1750403
1750420
1750422
1750434
1750435
1750436
1750438
1750440
1750442
1750443
1750445
1750446
1750511
1750513
1750515
1750517
1750523
1750525
1750527
1750531
1750533
1750559
1750564
1750569
1750571
1750577
1750584
1750603
1750858
1750890
1750902
1750945
1751110
1751116
1751135
1751139
1751142
1751149
1751261
1751265
1751274
1751289
1751291
1751293
1751681
1751701
1751704
1751705
1751932
1751936
1751945
1751960
1751962
1751964
1752072
1752074
1752076
1752093
1752133
1752156
1752160
1752163
1752175
1752190
1752239
1752277
1752283
1752610
1752611
1752612
1752681
1752684
1752688
1752740
1752788
1752840
1752853
1752869
1752871
1752872
1752874
1752876
1752878
1752912
1752914
1752916
1752918
1752925
1752927
1752928
1752929
1752932
1752940
1752944
1752961
1752963
1752965
1752967
1752969
1752970
1752976
1752979
1752983
1752984
1752996
1753061
1753074
1753090
1753092
1753093
1753095
1753097
1753099
1753138
1753191
1753194
1753196
1753199
1753201
1753204
1753214
1753215
1753686
1753801
1753823
1753846
1753855
1753857
1753870
1753872
1753874
1753879
1753880
1753887
1754372
1754374
1754376
1754379
1754394
1754397
1754401
1754458
1754461
1754463
1754465
1754470
1754473
1754474
1754475
1754477
1754481
1754510
1754512
1754514
1754516
1754519
1754523
1754528
1754530
1754532
1754533
1754542
1754546
1754557
1754567
1754580
1754612
1754619
1754622
1754623
1754919
1754921
1754923
1754925
1754927
1755238
1755240
1755243
1755366
1755369
1755553
1755619
1755621
1755627
1755629
1755630
1755636
1755679
1755682
1755686
1755689
1755692
1755698
1755712
1755716
1755718
1755725
1755727
1755744
1755776
1755793
1755879
1755880
1755904
1755917
1755927
1755930
1755934
1755946
1755952
1755959
1755966
1755967
1755968
1755970
1755972
1755974
1755975
1755976
1756002
1756038
1756039
1756040
1756042
1756044
1756045
1756047
1756048
1756049
1756050
1756052
1756053
1756081
1756083
1756085
1756087
1756088
1756090
1756092
1756096
1756120
1756123
1756129
1756141
1756146
1756148
1756154
1756156
1756163
1756166
1756168
1756172
1756178
1756188
1756190
1756192
1756198
1756200
1756205
1756208
1756232
1756249
1756251
1756254
1756255
1756257
1756259
1756264
1756266
1756270
1756276
1756283
1756693
1756697
1756699
1756737
1756739
1756800
1756807
1756809
1756810
1756813
1756829
1756846
1756851
1756854
1756856
1756858
1756860
1756861
1756863
1756873
1756881
1756884
1756886
1756889
1756890
1756894
1756906
1756983
1756986
1756988
1756990
1756992
1756994
1756996
1756999
1757001
1757003
1757006
1757008
1757010
1757013
1757016
1757018
1757254
1757258
1757438
1757650
1757677
1757687
1757722
1757723
1757725
1757763
1757769
1757776
1757809
1757812
1757813
1757832
1757836
1757844
1757846
1757851
1757932
1758190
1758250
1758255
1758295
1758319
1758322
1758325
1758326
1758336
1758338
1758339
1758346
1758355
1758375
1758386
1758388
1758391
1758393
1758401
1758473
1758476
1758478
1758480
1758483
1758591
1758596
1758597
1758601
1758603
1758606
1758608
1758625
1758634
1758636
1758638
1758640
1758642
1758648
1758653
1758656
1758658
1758660
1758662
1758667
1758668
1758683
1758685
1758686
1758687
1758696
1758707
1758766
1758775
1758780
1758783
1758792
1758793
1758797
1758812
1758816
1758818
1758826
1758854
1759118
1759119
1759120
1759121
1759556
1759558
1759559
1759560
1759562
1759563
1759565
1759567
1759569
1759570
1759571
1759572
1759574
1759575
1759577
1759579
1759580
1759587
1759589
1759591
1759593
1759595
1759597
1759599
1759601
1759602
1759604
1759606
1759608
1759609
1759612
1759613
1759615
1759617
1759619
1759628
1759636
1759675
1759712
1759714
1759718
1759719
1759720
1759721
1759722
1759725
1759727
1759729
1759732
1759733
1759736
1759738
1759740
1759741
1759742
1759744
1759746
1759748
1759749
1759752
1759754
1759756
1759758
1759760
1759762
1759764
1759766
1759768
1759769
1759771
1759773
1759774
1759780
1759781
1759783
1759786
1759788
1759790
1759791
1759794
1759796
1759798
1759800
1759801
1759803
1759804
1759806
1759810
1759812
1759813
1759815
1759817
1759819
1759821
1759822
1759824
1759826
1759829
1759831
1759834
1759836
1759838
1759840
1759843
1759845
1759847
1759848
1759849
1759851
1759853
1759855
1759857
1759858
1759860
1759861
1759863
1759866
1759868
1759872
1759876
1759877
1759879
1759882
1759884
1759886
1759888
1759891
1759893
1759894
1759897
1759898
1759899
1759901
1759903
1759905
1759909
1759911
1759914
1759916
1759919
1759921
1759923
1759925
1759929
1759931
1759934
1759936
1759938
1759940
1759942
1759944
1759950
1759952
1759954
1759956
1759958
1759960
1759962
1759963
1759965
1759967
1759970
1759972
1759974
1759976
1759979
1759981
1759983
1759987
1759988
1759989
1759991
1759992
1759995
1759997
1760001
1760003
1760007
1760008
1760009
1760011
1760015
1760019
1760021
1760023
1760026
1760029
1760030
1760033
1760034
1760036
1760038
1760040
1760044
1760046
1760049
1760051
1760053
1760055
1760056
1760059
1760061
1760063
1760066
1760068
1760070
1760072
1760073
1760075
1760077
1760079
1760080
1760082
1760084
1760087
1760093
1760095
1760096
1760097
1760105
1760110
1760112
1760114
1760119
1760121
1760123
1760125
1760127
1760130
1760131
1760134
1760137
1760138
1760139
1760140
1760143
1760144
1760150
1760153
1760155
1760157
1760158
1760159
1760162
1760163
1760168
1760208
1760725
1760734
1760737
1760852
1760863
1760891
1760892
1760893
1760894
1760895
1760898
1760899
1760901
1760902
1760905
1760908
1760910
1760911
1760913
1761095
1761097
1761106
1761108
1761112
1761135
1761137
1761146
1761154
1761157
1761161
1761178
1761180
1761182
1761184
1761186
1761188
1761195
1761225
1761227
1761279
1761280
1761282
1761284
1761285
1761287
1761289
1761291
1761293
1761295
1761296
1761298
1761301
1761302
1761304
1761306
1761308
1761309
1761310
1761313
1761314
1761317
1761319
1761321
1761323
1761324
1761325
1761334
1761367
1761368
1761370
1761372
1761374
1761376
1761377
1761381
1761382
1761383
1761434
1761492
1761541
1761565
1761573
1761582
1761584
1761590
1761616
1761617
1761623
1761630
1761698
1761712
1761714
1761716
1761736
1761740
1761756
1761789
1761791
1761803
1762392
1762408
1762410
1762413
1762457
1762461
1762462
1762519
1762569
1762593
1762601
1762609
1762611
1762617
1762644
1762645
1762651
1762658
1762736
1762750
1762752
1762772
1763233
1763529
1763536
1763538
1763540
1763541
1763542
1763546
1763547
1763707
1763709
1763710
1763712
1763714
1763725
1763730
1763733
1763740
1763748
1763750
1763752
1763754
1763755
1763758
1763759
1763761
1763763
1763764
1763766
1763769
1763771
1763773
1763775
1763778
1763780
1763781
1763783
1763784
1763787
1763788
1763791
1763793
1763794
1763795
1763797
1763799
1763800
1763802
1763804
1763806
1763809
1763810
1763811
1763814
1763816
1763817
1763819
1763824
1763825
1763827
1763832
1763833
1763950
1763952
1763953
1763978
1763989
1763991
1763993
1763995
1763996
1763997
1763998
1764000
1764001
1764449
1764735
1764736
1764737
1764738
1764740
1764742
1764744
1764746
1764748
1764750
1764752
1764754
1764756
1764758
1764760
1764762
1764764
1764831
1764835
1764836
1764906
1765067
1765068
1765069
1765117
1765407
1765410
1765412
1765413
1765414
1765415
1765416
1765417
1765418
1765419
1765421
1765423
1765424
1765426
1765428
1765810
1765814
1765816
1765818
1765819
1765822
1765834
1765836
1765838
1765845
1765860
1765862
1765881
1765883
1765905
1765914
1765925
1765927
1765928
1765930
1765933
1765937
1765939
1765949
1765961
1765962
1765970
1765975
1765977
1765979
1765985
1765989
1766004
1766006
1766651
1766837
1766840
1766842
1766843
1766844
1766845
1766846
1766847
1766848
1766849
1766851
1766852
1766853
1766855
1766857
1767239
1767243
1767245
1767246
1767247
1767250
1767262
1767264
1767266
1767273
1767288
1767290
1767309
1767311
1767333
1767342
1767353
1767355
1767356
1767358
1767361
1767365
1767367
1767377
1767379
1767390
1767391
1767399
1767404
1767406
1767408
1767414
1767418
1767433
1767435
1767583
1767585
1767587
1767589
1767591
1767592
1767932
1767992
1768001
1768003
1768009
1768020
1768200
1768202
1768204
1768211
1768217
1768259
1768262
1768264
1768266
1768268
1768271
1768310
1768311
1768387
1768389
1768391
1768392
1768393
1768396
1768398
1768400
1768402
1768404
1768406
1768541
1768542
1768898
1768919
1768924
1768929
1768930
1768931
1768932
1768933
1768934
1768935
1769247
1769327
1769336
1769339
1769416
1769423
1769427
1769429
1769431
1769433
1769438
1769440
1769470
1769471
1769472
1769473
1769475
1769477
1769480
1769482
1769484
1769485
1769487
1769488
1769490
1769508
1769509
1769510
1769512
1769519
1769521
1769531
1769537
1769577
1769579
1769580
1769581
1769583
1769585
1769586
1769588
1769594
1769595
1769609
1769633
1769637
1769640
1769660
1769694
1769723
1769741
1769780
1769782
1769784
1769788
1769789
1769791
1769793
1769796
1769803
1769804
1769812
1769813
1769814
1769820
1769839
1769842
1770124
1770126
1770132
1770177
1770179
1770212
1770224
1770230
1770257
1770322
1770345
1770356
1770496
1770499
1770510
1770751
1770754
1770755
1770757
1770758
1770760
1770764
1770765
1770769
1770771
1770778
1770779
1771070
1771071
1771072
1771073
1771099
1771222
1771224
1771617
1771619
1771622
1771623
1771625
1771626
1771627
1771628
1771629
1771630
1771632
1771635
1771636
1771637
1771638
1771640
1771642
1771668
1771676
1771681
1771975
1771977
1771980
1771988
1771990
1771993
1771998
1772001
1772004
1772006
1772009
1772012
1772017
1772019
1772021
1772024
1772031
1772033
1772037
1772043
1772057
1772060
1772066
1772070
1772076
1772081
1772086
1772091
1772101
1772103
1772106
1772109
1772111
1772113
1772117
1772124
1772128
1772210
1772434
1772437
1772439
1772628
1772807
1772808
1772813
1772820
1772828
1772833
1772834
1772836
1772837
1772839
1772840
1773402
1773590
1773605
1773607
1773638
1773640
1773642
1773652
1773654
1773656
1773894
1773944
1773946
1773967
1773968
1773975
1773978
1773991
1773993
1773996
1773997
1773998
1774001
1774003
1774005
1774006
1774008
1774011
1774013
1774015
1774017
1774019
1774022
1774024
1774026
1774028
1774030
1774032
1774034
1774036
1774037
1774039
1774041
1774042
1774044
1774046
1774049
1774051
1774052
1774055
1774057
1774059
1774075
1774086
1774088
1774112
1774113
1774116
1774119
1774124
1774125
1774593
1774603
1774617
1774639
1774641
1774657
1774660
1774666
1774668
1774670
1774682
1774683
1774699
1774707
1774719
1774721
1775017
1775353
1775355
1775361
1775362
1775365
1775367
1775368
1775369
1775370
1775372
1775374
1775376
1775379
1775988
1776028
1776042
1776053
1776058
1776145
1776146
1776147
1776149
1776152
1776153
1776154
1776155
1776234
1776236
1776240
1776243
1776289
1776339
1776502
1776510
1776518
1776559
1777371
1777414
1777493
1777525
1777559
1777563
1777676
1777679
1777866
1777941
1777942
1777944
1777946
1777948
1777949
1777950
1777951
1777952
1777954
1777956
1777957
1777958
1779275
1779341
1779382
1779456
1779473
1779817
1779819
1779833
1779834
1779845
1779858
1779979
1779993
1779994
1779995
1779996
1779997
1779998
1780001
1780031
1780033
1780075
1780077
1780230
1780231
1780234
1780274
1780291
1780294
1780298
1780359
1780361
1780362
1780364
1780366
1780368
1780370
1780372
1780465
1780481
1780492
1780494
1780500
1780504
1780507
1780511
1780515
1780526
1780529
1780531
1780535
1780537
1780540
1780543
1780544
1780546
1780548
1781131
1781136
1781160
1781162
1781164
1781165
1781172
1781173
1781174
1781176
1781178
1781179
1781181
1781183
1781184
1781187
1781189
1781560
1781566
1781570
1781575
1781589
1781596
1781656
1781657
1781659
1781661
1781664
1781667
1781669
1781673
1781675
1781779
1781819
1781832
1781842
1781844
1781847
1781849
1781851
1781857
1781858
1781860
1781862
1781864
1781866
1781868
1781871
1781873
1781875
1781878
1781893
1781900
1781905
1781907
1781908
1781910
1781919
1781921
1781941
1782011
1782012
1782098
1782099
1782100
1782102
1782104
1782107
1782109
1782112
1782114
1782116
1782140
1782141
1782143
1782145
1782146
1782148
1782149
1782159
1782603
1782609
1782641
1782643
1782645
1782647
1782649
1782650
1782684
1782686
1782691
1782745
1782806
1782808
1783321
1783322
1783324
1783326
1783328
1783330
1783332
1783334
1783335
1783339
1783341
1783350
1783351
1783354
1783356
1783357
1783359
1783361
1783364
1783367
1783370
1783524
1783527
1783534
1783545
1783547
1783578
1783581
1783583
1783591
1783835
1783837
1783839
1783841
1783843
1783848
1783863
1783874
1783888
1783890
1783892
1784126
1784132
1784134
1784184
1784186
1784206
1784207
1784209
1784288
1785029
1785030
1785032
1785033
1785034
1785035
1785036
1785038
1785050
1785068
1785070
1785072
1785073
1785086
1785088
1785090
1785092
1785093
1785095
1785099
1785100
1785101
1785103
1785105
1785995
1786014
1786018
1786024
1786026
1786028
1786116
1786118
1786141
1786312
1786550
1787227
1787231
1787267
1787268
1787269
1787312
1787315
1787659
1787660
1787662
1787664
1787676
1787681
1787686
1787690
1787692
1787695
1787697
1787700
1787703
1787705
1787708
1787967
1787969
1787972
1787973
1787974
1787975
1787978
1787980
1787983
1787985
1787987
1787989
1787991
1787993
1787995
1787997
1788000
1788001
1788003
1788004
1788005
1788127
1788129
1788131
1788133
1788139
1788142
1788144
1788146
1788154
1788156
1788159
1788161
1788163
1788897
1788910
1789173
1789176
1789194
1789196
1789200
1789202
1789205
1789206
1789214
1789215
1789217
1790737
1790831
1791179
1791183
1791184
1791217
1791224
1791267
1791269
1791272
1791274
1791276
1791339
1791475
1791576
1791578
1791580
1791582
1791585
1791635
1791637
1791944
1791946
1791948
1791949
1791950
1791954
1792152
1792154
1792155
1792157
1792160
1792165
1792167
1792173
1792179
1792182
1792184
1792186
1792254
1792257
1792266
1792268
1792269
1792272
1792274
1792277
1792279
1792282
1792284
1792286
1792288
1792292
1792294
1792296
1792298
1792300
1792307
1792311
1792315
1792317
1792320
1792325
1792327
1792330
1792334
1792337
1792338
1792340
1792342
1792347
1792353
1792355
1792360
1792365
1792366
1792375
1792376
1792378
1792380
1792383
1792386
1792387
1792389
1792391
1792393
1792395
1792396
1792398
1792402
1792403
1792405
1792407
1792411
1792412
1792413
1792415
1792417
1792420
1792423
1792425
1792427
1792433
1792435
1792437
1792440
1792442
1792444
1792446
1792448
1792449
1792450
1792452
1792454
1792456
1792458
1792461
1792463
1792465
1792467
1792469
1792472
1792536
1792543
1792562
1792563
1792568
1792571
1792574
1792575
1792579
1792679
1792681
1792682
1792684
1792686
1792687
1792690
1792693
1792694
1792695
1792696
1792698
1792699
1792700
1792703
1792705
1792707
1792708
1792710
1792712
1792713
1792715
1792717
1792730
1792732
1792733
1792734
1792735
1792736
1792738
1792740
1792741
1792744
1792746
1792748
1792750
1792753
1792754
1792755
1792757
1792759
1792760
1792762
1792763
1792764
1792765
1792768
1792769
1792773
1792775
1792777
1792779
1792781
1792782
1792784
1792788
1792791
1792793
1792795
1792796
1792798
1792800
1792801
1792802
1792804
1792806
1792808
1792810
1792812
1792813
1792815
1792817
1792827
1792829
1792830
1792831
1792832
1792834
1792835
1792836
1792837
1792839
1792840
1792842
1792844
1792846
1792848
1792881
1792883
1792987
1792988
1792990
1792991
1795002
1796154
1796164
1796182
1796186
1796188
1796197
1796203
1796205
1796677
1796696
1796698
1796726
1796731
1796773
1797861
1797863
1797865
1797867
1797870
1797873
1797875
1797877
1797879
1797881
1797883
1797889
1797892
1797894
1797895
1797897
1797903
1797904
1797906
1797907
1797910
1797914
1797916
1797919
1797921
1797923
1797925
1798071
1798131
1798132
1798155
1798218
1798222
1798346
1798402
1798412
1798442
1798543
1798546
1798553
1798556
1798626
1798660
1798663
1798665
1798667
1798673
1798676
1798740
1798764
1800573
1800575
1800579
1800581
1800584
1800587
1800594
1800659
1800662
1800665
1800667
1800669
1800670
1800671
1800673
1800674
1800675
1800680
1800682
1800684
1800687
1800690
1800692
1800760
1800764
1800781
1800786
1800790
1800794
1800798
1800805
1800806
1800808
1800810
1800812
1800815
1800816
1800819
1800821
1800823
1800826
1800828
1800832
1800834
1800844
1800888
1800907
1800909
1800912
1800920
1800923
1800932
1800948
1800975
1800979
1800984
1801009
1801010
1801012
1801016
1801022
1801024
1801040
1801042
1801055
1801056
1801057
1801072
1801086
1801127
1801131
1801136
1801143
1801144
1801146
1801149
1801198
1801200
1801202
1801203
1801205
1801207
1801209
1801210
1804121
1804124
1804132
1805001
1805020
1805026
1805031
1805159
1805161
1805196
1805198
1805200
1805202
1805205
1805207
1805208
1805209
1805210
1805215
1805217
1805219
1805222
1805224
1805226
1805228
1805230
1805243
1805246
1805248
1805249
1805251
1805253
1805254
1805256
1805257
1805258
1805288
1805289
1805291
1805292
1805294
1805296
1805299
1805302
1805312
1805500
1805507
1805510
1805512
1805515
1805517
1805518
1805519
1805520
1805522
1805523
1805524
1806433
1808671
1809890
1809892
1809910
1811404
1811409
1811741
1811801
1811803
1811806
1811807
1811808
1811810
1811812
1811813
1811815
1811817
1811820
1811822
1811824
1811827
1811829
1811830
1811833
1811835
1811839
1811842
1811843
1811845
1811847
1811850
1811853
1811854
1811855
1811857
1811859
1811861
1811863
1811865
1811867
1811868
1811872
1811873
1811875
1811877
1811879
1811881
1811883
1811885
1811886
1811888
1811891
1811893
1811895
1811896
1811897
1811898
1811900
1811902
1811904
1811905
1811906
1811924
1811925
1814243
1814246
1814252
1814271
1814273
1814595
1814597
1814600
1814632
1814635
1814638
1814642
1814644
1815275
1817152
1817154
1817156
1817158
1817161
1817163
1817165
1817167
1819004
1822072
1822170
1822173
1822175
1822177
1822181
1822184
1822188
1822190
1822192
1822196
1822198
1822201
1822203
1822205
1822207
1822209
1822210
1822212
1822216
1822219
1822221
1822223
1822225
1822226
1822227
1822228
1822230
1822232
1822234
1822235
1822238
1822240
1822242
1822244
1822257
1822260
1822262
1822264
1822265
1822266
1822268
1822270
1822274
1822276
1822278
1822279
1822281
1822282
1822283
1822284
1822285
1822286
1822288
1822290
1822293
1822295
1822297
1822305
1822309
1823403
1823447
1823450
1823451
1823453
1823457
1823458
1823459
1823460
1823462
1823463
1823464
1823465
1823467
1823468
1823475
1823477
1823478
1823480
1823481
1823482
1823484
1823485
1823486
1823488
1823490
1823492
1823494
1823496
1823504
1823506
1823508
1823509
1823511
1823513
1823515
1823518
1823521
1823524
1823526
1823528
1823529
1823531
1823533
1823536
1823538
1823539
1823543
1823546
1823548
1823550
1823553
1823556
1823560
1823563
1823565
1823567
1823570
1823574
1823575
1823577
1823578
1823579
1823581
1823583
1823585
1823587
1823589
1823591
1823592
1823594
1823595
1823597
1823599
1823601
1823602
1823604
1823606
1823607
1823608
1823612
1823613
1823615
1824322
1824327
1824331
1826315
1826318
1826320
1826322
1826324
1826332
1826359
1826372
1826374
1826376
1826392
1826441
1826444
1826537
1826570
1827265
1827348
1827350
1827352
1827354
1827360
1827362
1827402
1827450
1827481
1827483
1827491
1827493
1827499
1827634
1827635
1827637
1827638
1827639
1827641
1827643
1827644
1827645
1827646
1827647
1827648
1827649
1827651
1827653
1827654
1827655
1828533
1828535
1828537
1829342
1829477
1829478
1829480
1829482
1829484
1829485
1829486
1829487
1829488
1829489
1829491
1829492
1829493
1829495
1829497
1829538
1829539
1829540
1829541
1829543
1829545
1829546
1829549
1829551
1829553
1829555
1829556
1829557
1829652
1832052
1832084
1832087
1832090
1832329
1833545
1833620
1833785
1833789
1834614
1834618
1834660
1834678
1834698
1834700
1834702
1834713
1834717
1834719
1834720
1834721
1834725
1834728
1834729
1834731
1834732
1834734
1834736
1834738
1834739
1834741
1835258
1836675
1836677
1836679
1837782
1837784
1837788
1837790
1837792
1837793
1837795
1837796
1837797
1837799
1837801
1837803
1837805
1837808
1837809
1837810
1837811
1837812
1837815
1837820
1837822
1837865
1837870
1837872
1837873
1837875
1837879
1837880
1837882
1837883
1837886
1837889
1837890
1837892
1837893
1837894
1837895
1837898
1837901
1837903
1837925
1837926
1837933
1837961
1838007
1838010
1838037
1838054
1838056
1838059
1838062
1838070
1838072
1838074
1838076
1838077
1838586
1838595
1838597
1838600
1838680
1838808
1838810
1838813
1838814
1838815
1838817
1838819
1838825
1838827
1838828
1838832
1838834
1838835
1838836
1839444
1839462
1840918
1840919
1840920
1840922
1840925
1840926
1840929
1840931
1840933
1840936
1840938
1840940
1840942
1840944
1840946
1841416
1841418
1841449
1841477
1841480
1841495
1841496
1841498
1841500
1841501
1841503
1841506
1841507
1841510
1841511
1841512
1841513
1841514
1841516
1841517
1841519
1841521
1841548
1841550
1841554
1841557
1841560
1841562
1841564
1841566
1841567
1841569
1841575
1841616
1842394
1842397
1842401
1842403
1842404
1842407
1842410
1842525
1842901
1842912
1842915
1842916
1842918
1842920
1842922
1842924
1842926
1842928
1842930
1842932
1842934
1842936
1842937
1842939
1842947
1842950
1842964
1842969
1842971
1842973
1842975
1842977
1842980
1842991
1842994
1842996
1843015
1843236
1843367
1843375
1843377
1843378
1843384
1843421
1843491
1843495
1843501
1843505
1843554
1843603
1843604
1843606
1843608
1843609
1843611
1843612
1843614
1843615
1843616
1843617
1843619
1843621
1843625
1843626
1843627
1843631
1843633
1843636
1843638
1843639
1843640
1843641
1843642
1843643
1843645
1843646
1843649
1843651
1843653
1843692
1843694
1843695
1843697
1843698
1843700
1843703
1843704
1843706
1843710
1843712
1843713
1843714
1843715
1843717
1843720
1843725
1843727
1843728
1843730
1843731
1843732
1843733
1843734
1843739
1843740
1843741
1843742
1843743
1843745
1843748
1843750
1843756
1843763
1843765
1843766
1843767
1843768
1843774
1843777
1843779
1843783
1843785
1843788
1843789
1843795
1843800
1843802
1843803
1843805
1843885
1843892
1843894
1843896
1843923
1843926
1843927
1843928
1843934
1843936
1843938
1843940
1843944
1843960
1843967
1843968
1843970
1843973
1843991
1843993
1843996
1843998
1844002
1844009
1844013
1844014
1844016
1844044
1844046
1844048
1844049
1844389
1844390
1844391
1844392
1844394
1844396
1844397
1844401
1844402
1844403
1844404
1844406
1844409
1844410
1844412
1844414
1844420
1844421
1844423
1844426
1844427
1844429
1844431
1844433
1844435
1844439
1844441
1844449
1844498
1844501
1844524
1844527
1844529
1844531
1844539
1844814
1844817
1844823
1844826
1844831
1844834
1844835
1844850
1844852
1844971
1844974
1844975
1844976
1844978
1844981
1844984
1844986
1844988
1844990
1844991
1844993
1845002
1845004
1845005
1845006
1845427
1845428
1845430
1845432
1845437
1845440
1845442
1845444
1845446
1845448
1845451
1845455
1845462
1845466
1845468
1845470
1845527
1845662
1845665
1845667
1845670
1845672
1845682
1846828
1847164
1847167
1847169
1847185
1847187
1847189
1847197
1847244
1847248
1847253
1847578
1847586
1847596
1847597
1847598
1847600
1847602
1847603
1847606
1847608
1847609
1847611
1847613
1847614
1847615
1847616
1847618
1847620
1847621
1847623
1847627
1847629
1847639
1847653
1847657
1847659
1847663
1847666
1847778
1847779
1847780
1847809
1847811
1847812
1847814
1847823
1848927
1848944
1849076
1849192
1849193
1849194
1849196
1849198
1849200
1849202
1849207
1849208
1849210
1849212
1849214
1849217
1849219
1849221
1849224
1849227
1849229
1849230
1849232
1849234
1849236
1849237
1849239
1849240
1849242
1849243
1849245
1849247
1849251
1849254
1849257
1849262
1849264
1849266
1849267
1849268
1849270
1849271
1849276
1849279
1849283
1849287
1849289
1849291
1849294
1849389
1849417
1849418
1849419
1849433
1849465
1849578
1849580
1849991
1850133
1850145
1850149
1850157
1850159
1850165
1850174
1850177
1850889
1850916
1851510
1851512
1851514
1851516
1851517
1851518
1851519
1851521
1851523
1851525
1851527
1851529
1851531
1851533
1851534
1851536
1851538
1851539
1851540
1851542
1851543
1851545
1851547
1851550
1851551
1851552
1851554
1851556
1851558
1851560
1851561
1851562
1851574
1851576
1852386
1852407
1852414
