1614801
1615282
1617161
1617208
1619375
1619843
1619844
1620140
1620515
1620782
1620937
1621548
1621824
1623610
1624165
1624167
1624169
1624327
1624430
1625330
1625332
1625334
1625336
1626198
1626201
1626294
1626686
1626688
1626690
1626692
1626714
1626717
1626719
1626722
1626726
1627324
1627333
1627335
1627363
1627365
1627368
1627370
1627372
1627388
1627390
1627600
1627602
1628108
1628110
1628178
1629077
1629078
1629823
1630000
1630001
1630002
1631477
1631482
1632133
1632134
1633486
1633488
1633491
1633493
1633589
1633692
1633693
1634829
1634833
1634860
1635222
1635283
1635284
1635285
1635427
1635490
1635493
1635495
1635654
1636445
1636446
1636450
1636455
1636460
1636465
1637208
1637230
1637232
1637233
1637952
1637953
1637954
1637967
1637975
1638349
1638351
1638363
1638597
1638974
1638982
1638985
1639293
1639623
1639624
1639625
1640288
1640289
1640290
1640292
1640293
1640294
1640297
1640304
1640305
1640306
1640308
1640309
1640660
1640662
1640664
1640668
1640700
1641192
1642972
1643065
1643516
1643616
1644689
1645224
1645231
1645781
1645783
1645785
1645786
1645787
1645788
1645790
1645791
1645794
1645796
1645808
1646027
1646029
1646031
1646032
1646034
1646036
1646037
1646038
1646039
1646059
1646061
1646063
1646066
1646068
1646070
1646071
1646135
1646136
1646138
1646554
1646897
1646898
1647714
1647716
1647719
1647721
1647925
1647927
1647928
1649369
1649388
1649439
1649440
1649645
1649647
1649876
1650054
1650059
1650103
1650152
1650491
1650492
1650493
1650495
1650901
1650902
1650903
1652289
1652290
1652310
1652316
1652327
1652332
1652570
1653030
1653403
1653980
1654051
1654090
1654099
1654100
1654998
1655066
1655069
1655168
1655983
1656540
1656845
1658149
1658606
1658858
1658996
1659006
1659012
1659207
1659210
1659211
1659221
1659225
1659437
1661012
1661299
1661341
1662060
1662062
1664723
1664724
1664728
1664730
1664732
1665004
1665145
1665174
1666231
1666232
1666233
1666234
1667271
1667387
1667769
1667772
1667774
1667777
1667783
1667800
1667802
1667840
1667858
1667863
1668741
1668758
1670242
1670244
1670825
1670826
1671215
1671447
1671493
1671525
1671527
1671528
1671553
1671555
1671556
1671557
1671558
1671559
1673449
1674301
1675449
1675451
1675452
1675453
1675455
1675457
1675458
1675460
1675889
1675891
1675893
1675895
1676290
1676648
1676651
1677677
1678310
1678311
1678312
1678313
1678316
1678317
1678319
1678323
1678324
1678325
1678326
1678327
1678329
1678330
1678331
1678333
1678335
1679393
1680381
1680382
1680384
1680387
1680389
1680391
1680393
1681704
1681708
1681748
1681749
1681751
1681753
1681755
1681756
1681757
1681758
1683096
1683121
1683896
1684059
1684060
1684061
1684064
1684066
1684067
1684068
1684070
1684072
1684073
1684948
1684949
1684950
1684951
1684953
1684954
1684956
1684958
1684960
1684964
1687898
1692343
1693687
1693689
1693691
1693694
1697937
1697939
1697940
1697941
1697942
1697944
1697948
1697949
1697951
1697953
1697954
1697962
1697964
1697968
1697972
1697975
1697977
1697980
1697984
1697987
1697990
1697992
1698004
1698006
1698010
1698015
1698018
1698020
1698021
1698022
1698024
1698026
1698028
1698030
1702737
1706430
1706434
1706436
1706439
1706440
1706441
1706443
1706445
1706447
1706448
1706449
1706450
1706451
1706452
1706455
1706456
1706457
1706461
1706464
1706467
1706469
1706493
1707760
1707763
1707765
1707779
1707781
1707783
1707785
1707788
1707790
1708767
1708769
1708774
1709167
1709169
1709170
1709171
1709173
1709174
1709176
1709178
1709240
1709241
1709242
1709244
1713657
1713717
1721872
1721875
1721880
1721882
1721885
1721892
1721894
1723156
1723158
1723160
1723161
1723163
1723164
1724166
1724168
1724169
1724170
1724172
1724175
1724177
1724178
1724179
1729359
1729360
1729361
1729362
1729363
1729367
1729369
1729371
1729372
1729373
1729376
1729378
1729383
1729385
1729389
1729391
1729393
1729396
1729397
1729399
1729400
1729401
1729402
1729404
1729406
1729407
1733816
1733818
1733819
1733821
1737061
1737921
1737923
1737925
1737927
1737929
1737994
1737995
1737997
1737999
1738001
1738002
1738004
1738007
1740680
1740683
1741666
1741888
1741889
1741891
1741892
1741894
1741932
1741936
1741946
1741948
1741951
1742325
1742326
1742328
1742330
1742331
1742333
1742574
1743186
1743386
1744304
1745959
1745960
1745961
1745963
1745968
1745969
1745971
1745973
1745974
1745976
1745987
1746313
1746315
1746317
1746320
1746322
1746324
1746326
1746331
1746333
1746334
1746336
1746337
1748034
1751128
1751129
1751141
1751143
1751880
1753303
1753305
1761087
1761088
1761089
1761090
1761091
1761093
1761094
1761096
1761098
1761100
1761101
1761103
1761105
1761107
1761110
1761119
1761155
1761156
1761158
1761160
1761162
1761166
1761167
1761169
1761171
1761172
1761173
1761174
1761175
1761177
1761179
1761181
1761183
1761185
1761187
1761189
1761190
1761192
1761193
1762391
1762399
1762400
1762401
1769055
1769057
1769058
1769074
1770354
1771567
1771568
1771586
1771588
1773244
1773246
1773250
1773252
1773255
1773258
1773263
1773271
1773272
1773273
1773274
1773275
1773298
1773300
1773735
1773736
1773737
1773738
1773739
1773741
1773747
1773749
1773960
1776221
1778272
1778638
1778640
1778642
1779024
1779025
1779027
1779029
1779032
1779034
1779036
1779040
1779463
1780194
1780196
1780197
1780199
1780200
1781034
1781727
1781728
