849985
850156
850281
850282
850598
851159
851161
851162
851872
852552
852554
852556
852900
853268
853270
853387
853556
853558
853640
853832
853833
853835
853836
854407
854522
854527
854573
854575
854577
854620
854670
854883
855239
855419
855421
856941
856943
857961
857962
857963
857964
858257
859805
859808
859984
859986
860319
860321
860322
860428
860591
860593
860594
862444
862446
862447
867838
869325
869524
869685
869967
870989
871150
872120
872154
872321
872323
872324
872326
872327
872680
872862
872865
872866
874139
874156
874158
874160
874228
874246
874377
874426
874453
874456
874774
874776
875263
875510
875546
875548
875549
875551
875585
875682
875723
876268
876721
876755
876827
876851
877042
877321
877323
878522
878594
878606
878610
878611
878612
878613
878617
879598
879752
879800
879888
879890
879892
879894
880784
881053
881397
881438
881440
881526
881778
881970
882246
882251
882253
882637
882640
882642
883034
883074
883075
883076
883077
883091
883104
883106
883108
883116
883393
884203
884388
884389
884394
884549
885324
885524
885526
885890
886384
886389
886391
886985
888350
888456
888458
888459
888461
888463
888465
888467
888468
888470
888473
888474
888476
888479
888651
888873
889553
890252
890521
890523
890525
890819
891255
891258
892466
892477
892675
892930
892932
892934
892936
892938
892939
892940
892942
892944
893322
893324
893422
893438
893441
893709
893835
893863
894035
894252
894310
895277
895279
895582
896425
896543
896545
896546
896576
896610
896897
896963
897106
897131
897645
898689
898896
901190
901235
901263
901265
901267
901276
901307
901383
902329
902331
902333
902631
903024
903948
903950
904082
904201
904202
904239
904318
904508
904510
906187
906232
906253
906255
907791
907792
907793
907795
912070
912735
913416
913489
913748
913751
913753
914221
914645
914768
914771
914772
916007
916025
916027
916054
916670
916936
917668
917728
917734
918437
918541
918680
918682
918684
918686
918805
920259
920378
921990
921992
922384
922385
922386
922388
922390
922391
922575
922578
923965
924848
924850
925638
925945
926426
926428
926429
926431
926455
926801
926802
927163
928162
929017
929704
929902
929906
929911
930463
930464
930595
930768
932772
934176
934178
934203
934317
934500
934505
934986
935016
935183
935185
935192
935640
935641
935655
936551
936552
936555
936556
936558
936561
936562
936563
936565
937144
937145
937148
937149
937877
938944
939007
939009
939384
939386
939387
939743
939804
939806
939918
940191
940192
940223
940226
940243
940989
941619
941652
941764
941798
941828
941892
942128
942133
943159
943175
943398
943400
943519
943636
943742
944842
945745
945774
945775
945776
945803
946069
946361
946363
946781
947024
947365
947367
947370
947372
947374
947376
947381
947383
947385
947387
947389
947391
947414
947632
948422
948423
948429
948532
948534
948535
948536
948537
948540
951891
951981
953863
954112
954247
954305
954310
954370
954371
954372
954394
954559
954608
954896
955158
956243
956551
956552
956700
956925
957347
957348
957350
957351
957353
957354
957355
957356
957357
958055
958280
958320
958370
958371
958373
958375
958841
958848
958878
958882
958885
958887
960409
961038
961041
961045
961048
961052
961065
961556
961563
961897
962082
962183
962285
962286
962305
962331
962390
962817
962829
963193
963213
963217
963238
963404
963441
963542
963547
963549
963563
963598
963702
964026
964409
964436
964602
964603
964605
964606
964607
964608
964610
964697
964830
964917
965228
965230
966045
966046
966048
966050
966076
966078
966379
966691
967197
967281
967628
968134
968178
968195
968217
968219
968221
968404
968406
968439
969418
969602
970501
970523
970524
970555
971768
971822
971923
972014
972248
972249
972250
972258
973447
973450
973451
973453
973457
973458
973494
973496
973792
973860
973862
973884
973940
974384
974614
976718
976855
977063
977215
977216
977920
977948
978136
978161
978163
978370
978372
978375
978480
978481
978483
978515
978516
978522
978803
978805
978808
978810
978812
978817
978844
978878
978881
978955
978956
979017
979019
979062
979155
979413
979534
980258
980261
980450
980521
980523
980725
980728
980745
981944
981970
982134
982135
982136
982138
982141
982142
982144
982147
982148
982155
982157
982162
982164
982485
982683
982765
982766
982768
982774
982776
982778
984363
984455
985497
985499
985501
985718
985801
986080
986083
986085
986087
986089
986283
986285
986286
986293
986721
986794
986826
986828
986830
986833
986879
987023
987687
987754
987759
987764
987767
987866
987928
988287
988358
988382
988386
988390
988549
988552
988554
988556
988557
988606
988607
988660
988669
989045
989047
989241
989492
989635
989668
989835
990299
990334
990338
990340
990350
990354
990488
990489
990490
990492
991077
991079
991081
991082
991084
991086
991087
991089
991091
991093
992384
992405
992718
992905
992906
994113
994115
994308
994309
994326
994329
994642
994644
994645
994647
994649
994650
994652
994654
994655
994868
995603
995604
995689
995708
996082
996084
996086
996091
996094
996097
996099
996101
996103
996107
996520
996714
996716
996723
996724
996727
996899
997105
997750
997830
997831
997832
997833
997835
997852
997854
997867
997869
997873
997878
997880
998250
998254
998553
998554
998556
998563
998567
998568
998569
998570
998572
998580
998581
998584
998586
998596
998598
998602
998604
998606
998607
998653
998654
998655
998656
999460
1000110
1000111
1000637
1000639
1000640
1000846
1000849
1000852
1000856
1002285
1002388
1002397
1002437
1002438
1002439
1002441
1002443
1002450
1002654
1002894
1002896
1003055
1003461
1005308
1005415
1005417
1005758
1005759
1005760
1006695
1007316
1008844
1008846
1008893
1008895
1009714
1011081
1011083
1011085
1011086
1011087
1012120
1012735
1012737
1012784
1013009
1013011
1013013
1013015
1013017
1013019
1013021
1013025
1013059
1015313
1015482
1015798
1015908
1015909
1016092
1016094
1016142
1016168
1016169
1016170
1016177
1016262
1016512
1016896
1017371
1017865
1017867
1018036
1018198
1018264
1018977
1018978
1019437
1019667
1019674
1019687
1019690
1019692
1019695
1019699
1019702
1020182
1020292
1020293
1020294
1020307
1020309
1020311
1020316
1020319
1020321
1020323
1020326
1020363
1020535
1020771
1020795
1021066
1021067
1021167
1021168
1021170
1021172
1021177
1021179
1021528
1021790
1021792
1022361
1022525
1022560
1022933
1023019
1023494
1023737
1023786
1023825
1023997
1024001
1024548
1024550
1024592
1024594
1024598
1024600
1024602
1024604
1024606
1024607
1024608
1025414
1025495
1025569
1025604
1025606
1025609
1025610
1025612
1026020
1026021
1026540
1026605
1028453
1028606
1028718
1029132
1029448
1029634
1030185
1030241
1030433
1030434
1030436
1030437
1030439
1030495
1030522
1030524
1030793
1030795
1030796
1030797
1030802
1030813
1030815
1030818
1030820
1030821
1030823
1030825
1030833
1030846
1030849
1030852
1030854
1030855
1031686
1031688
1031690
1031692
1031694
1031696
1031699
1031701
1031704
1032427
1032428
1033135
1033170
1033435
1033437
1033439
1033619
1033643
1033646
1033649
1033651
1033733
1033818
1033819
1033832
1033834
1033836
1033838
1033840
1033842
1033845
1033847
1033849
1033850
1034020
1034022
1034715
1034717
1034719
1034721
1034722
1034723
1034724
1034726
1034728
1034759
1034848
1034872
1034914
1034999
1035122
1035187
1035707
1035723
1035836
1035838
1035840
1035983
1036045
1037194
1037467
1037496
1038001
1038003
1038061
1038378
1038379
1038568
1038572
1038795
1038808
1038810
1038812
1038816
1038818
1038843
1038867
1038869
1039164
1039166
1039168
1039230
1039425
1040370
1040371
1040372
1040397
1040511
1040734
1040743
1040746
1040756
1041129
1041133
1041297
1041299
1041787
1041788
1041814
1041816
1042081
1042104
1042456
1042458
1042486
1043291
1044266
1044268
1044269
1044270
1044272
1045913
1046228
1046230
1046233
1046237
1046859
1046907
1046909
1046910
1046911
1047079
1047080
1047081
1047082
1047083
1047084
1047135
1047166
1047201
1047203
1047205
1047207
1047233
1047260
1047262
1047462
1047464
1047633
1047637
1047711
1048605
1049092
1049093
1049095
1049864
1049865
1050018
1050662
1050664
1050665
1050672
1050679
1050681
1050833
1051052
1051098
1051107
1051115
1051124
1051136
1051140
1051146
1051170
1051278
1051802
1051876
1051880
1051886
1051907
1051918
1052245
1052708
1052794
1052813
1052832
1052835
1052845
1052849
1052938
1053087
1053094
1053781
1054210
1054255
1054332
1054384
1054408
1054505
1054506
1054517
1054720
1054722
1054724
1054725
1054735
1054739
1054747
1054749
1055037
1055041
1055042
1055045
1055068
1055071
1055073
1055076
1055081
1055383
1055386
1055424
1055426
1055438
1055440
1055442
1055558
1055562
1055564
1055572
1055577
1055583
1055620
1055622
1055624
1055625
1056117
1056528
1056530
1056531
1056532
1056534
1056536
1056538
1056540
1056541
1056544
1057545
1057691
1057837
1058233
1058326
1059118
1059148
1059186
1059217
1059230
1059233
1059235
1059237
1059263
1059276
1059282
1059331
1059333
1059340
1059342
1061079
1061346
1061348
1061349
1061501
1061504
1061563
1061565
1061567
1061568
1061570
1061572
1061576
1061742
1061744
1061746
1061747
1062108
1062109
1062111
1062395
1062399
1062406
1062408
1062777
1062816
1063786
1063787
1063790
1063792
1063887
1063888
1064054
1064059
1064062
1064064
1064075
1064083
1064104
1064375
1064487
1064850
1065064
1065331
1065333
1065337
1065580
1065590
1066053
1066055
1066059
1066450
1066451
1066452
1066455
1066456
1067497
1067566
1067583
1067584
1067585
1067587
1067588
1067755
1067773
1068009
1068011
1068012
1068014
1068015
1068635
1068642
1068644
1068646
1068675
1068677
1068679
1068680
1068682
1068683
1069935
1070283
1070285
1070286
1070291
1070296
1070305
1070425
1070669
1070916
1071068
1071238
1071725
1071878
1071880
1071882
1071884
1072078
1074481
1074547
1074551
1074661
1075079
1075081
1075150
1075441
1075460
1075594
1075692
1075712
1075713
1075721
1075742
1075744
1075751
1076099
1076297
1076299
1076301
1076304
1076305
1076306
1076308
1076342
1076345
1076412
1076422
1076424
1076426
1076427
1076435
1076436
1076438
1076594
1076596
1076724
1076748
1076749
1076842
1076843
1076866
1077126
1077404
1077660
1077664
1077667
1077787
1077960
1078097
1078145
1079204
1079207
1079214
1079216
1079219
1079236
1079539
1079542
1079547
1079715
1079717
1079719
1079721
1080093
1080158
1080729
1080731
1080734
1080735
1080736
1080738
1080740
1080741
1080888
1081058
1081318
1082350
1082477
1082754
1083053
1085177
1085401
1085519
1085520
1085522
1085524
1085526
1085528
1085539
1085542
1085545
1085713
1085837
1085929
1085940
1086141
1086142
1086143
1086144
1086145
1086152
1086456
1086457
1086465
1086467
1086777
1086879
1087215
1087796
1087799
1087817
1087839
1088130
1088136
1088137
1088139
1088142
1088150
1088152
1088155
1088159
1088161
1088184
1088205
1088532
1088701
1088703
1088720
1088728
1088734
1088736
1088745
1088749
1088750
1088751
1088752
1088755
1088758
1088760
1088768
1088892
1088954
1089633
1089918
1089951
1089952
1090134
1090151
1090184
1090354
1090578
1090646
1090694
1090696
1090704
1090751
1090992
1090994
1090996
1090998
1091000
1091002
1091004
1091006
1091007
1091010
1091011
1091034
1091036
1091040
1091044
1091049
1091051
1091053
1091057
1091144
1091145
1091604
1091605
1091606
1091644
1091992
1091996
1092231
1092239
1092395
1092679
1092705
1092718
1092756
1092791
1092792
1092871
1092887
1092889
1092891
1093159
1093160
1093507
1093510
1093513
1093515
1093896
1093898
1093902
1093904
1094953
1094954
1094956
1094957
1094959
1094960
1094962
1094967
1095818
1095820
1095821
1096080
1096083
1096540
1096703
1096704
1096931
1096933
1097292
1097326
1097328
1097415
1097446
1097527
1097531
1097636
1097638
1097751
1097772
1097820
1097833
1097840
1098947
1098956
1098958
1098961
1099014
1099016
1099495
1099499
1099504
1099988
1100035
1100209
1100383
1101147
1101149
1101223
1101226
1101240
1101241
1101243
1101245
1101247
1101259
1101426
1101428
1101942
1102187
1102188
1102404
1102405
1102886
1103033
1103189
1103190
1103192
1103989
1104030
1104242
1105163
1105196
1105539
1105542
1105544
1105773
1105774
1105802
1105806
1105809
1105814
1106200
1106459
1106462
1106619
1106627
1106630
1106632
1106675
1107209
1107211
1107222
1107411
1107413
1107415
1107417
1107419
1107420
1107422
1107426
1107429
1107516
1107517
1107518
1107978
1107980
1107984
1107986
1107988
1107989
1107991
1107992
1107994
1107995
1107996
1108000
1108005
1108007
1108009
1108069
1108084
1108085
1108136
1108137
1109430
1109432
1109434
1109435
1109719
1110258
1111131
1111133
1111136
1111138
1111140
1111141
1111143
1111155
1111157
1111161
1111162
1111363
1111372
1111390
1111526
1111948
1112711
1112713
1112715
1112791
1112807
1112810
1112883
1113175
1113177
1113179
1113903
1113942
1114207
1114208
1114209
1114211
1114618
1114837
1115375
1115393
1115394
1115395
1115396
1115397
1115398
1115944
1116314
1116316
1116318
1116325
1116330
1116817
1116952
1116953
1116955
1116960
1117334
1117356
1117361
1117363
1117365
1118173
1118394
1118424
1119431
1119446
1119448
1119462
1119464
1119496
1119719
1119821
1120002
1120121
1120122
1120131
1120550
1120612
1120661
1120663
1120664
1120666
1121337
1121369
1121435
1121486
1121538
1121540
1121542
1121543
1121603
1121642
1121655
1121658
1121660
1121667
1121670
1121677
1121815
1121817
1121818
1121820
1121821
1121824
1121826
1121828
1121834
1121841
1121843
1122453
1122808
1122809
1122811
1122812
1122814
1122815
1122817
1122819
1122824
1123477
1123976
1123977
1123979
1124151
1124152
1124176
1124409
1124410
1124775
1124845
1124849
1125400
1125410
1125430
1125451
1125454
1126146
1126162
1126337
1126352
1126511
1126513
1126515
1126518
1126655
1127236
1127238
1127239
1127457
1127797
1127799
1127801
1127802
1127804
1127806
1127808
1127810
1127812
1127814
1127860
1127862
1128470
1128471
1128472
1128493
1128495
1128498
1128500
1128501
1128503
1128518
1128618
1128654
1129527
1129543
1129840
1129841
1129843
1129844
1130210
1130599
1130600
1130601
1130603
1130605
1130607
1130608
1130609
1130611
1130612
1130614
1130620
1131282
1131283
1131285
1131286
1131290
1131539
1131541
1131543
1131978
1131991
1131992
1132181
1132195
1132199
1132337
1132343
1132363
1133010
1133011
1133012
1133658
1133659
1133660
1133661
1133663
1133664
1133665
1133667
1133668
1133670
1133672
1133705
1133709
1133960
1134229
1134238
1134239
1134241
1134242
1134244
1134514
1134515
1134736
1135253
1135837
1136421
1136422
1136475
1136793
1136795
1136797
1136798
1136799
1136800
1137297
1137344
1137467
1137469
1137471
1137472
1137474
1137476
1137478
1137586
1137608
1137671
1138637
1138638
1138639
1138641
1138642
1138646
1138648
1138649
1138651
1138653
1138657
1138659
1138758
1138760
1138761
1138762
1138763
1138764
1139698
1140182
1140184
1140186
1140188
1140189
1140192
1140195
1140196
1140198
1140199
1140579
1140897
1140899
1141183
1141355
1141772
1141774
1141775
1141776
1142040
1142046
1142728
1142911
1142981
1142987
1142995
1144390
1144454
1144463
1144465
1144467
1144468
1144471
1144473
1144475
1144476
1144478
1144481
1145752
1145754
1145755
1146869
1146872
1147486
1147488
1148364
1148371
1148372
1148373
1148482
1148483
1148485
1148532
1149123
1149126
1149222
1149503
1149506
1149508
1149585
1149586
1149587
1149589
1149591
1149592
1149593
1149596
1149598
1149600
1149601
1150857
1150860
1150861
1150862
1150864
1150865
1150867
1150868
1150869
1150871
1150873
1150874
1151730
1151733
1151740
1151741
1151969
1152036
1152038
1152040
1152042
1152044
1152187
1152188
1152485
1152764
1152800
1152823
1152851
1152852
1152853
1152856
1152858
1152900
1153181
1153293
1153340
1153346
1153523
1153534
1153541
1153674
1153675
1153676
1153677
1153678
1153679
1153684
1153791
1153923
1153986
1154075
1154076
1154189
1155145
1156584
1156732
1156760
1156761
1157017
1157019
1157020
1157201
1157202
1157204
1157859
1158136
1158596
1158598
1158608
1158611
1158613
1158614
1158616
1158689
1158691
1158712
1158713
1158957
1158959
1158960
1158962
1158964
1158966
1158967
1158972
1159395
1159510
1159511
1159513
1159515
1159603
1159608
1160649
1160873
1160910
1160994
1160999
1161380
1161382
1161437
1161883
1161884
1161945
1161947
1161949
1162096
1162099
1162102
1162244
1162247
1162248
1162250
1162252
1162254
1162258
1162260
1162262
1162796
1163244
1163296
1163301
1163304
1163306
1163308
1163494
1163513
1163523
1163559
1163757
1163759
1163763
1163765
1163769
1163771
1163773
1163776
1163779
1163783
1163932
1163940
1163945
1164191
1164716
1164719
1164735
1164741
1165399
1165765
1165771
1165776
1165802
1165946
1165965
1165967
1166915
1167000
1167388
1167653
1167668
1167993
1168345
1168347
1168350
1168352
1169252
1169304
1169516
1169605
1169700
1169855
1169883
1169884
1169886
1169891
1170220
1170224
1170226
1170456
1170791
1170815
1171181
1171196
1171282
1172899
1172916
1172917
1172919
1172927
1173000
1174981
1175252
1175304
1175488
1175490
1175491
1175677
1176399
1176401
1176839
1176871
1176873
1176875
1176877
1176962
1177133
1177134
1177136
1177170
1177350
1178176
1178234
1178274
1178277
1178306
1178362
1179410
1179449
1179825
1179826
1179827
1179828
1179829
1179830
1179831
1179832
1179834
1179856
1179858
1179859
1179861
1179862
1180874
1180999
1181493
1181494
1181495
1181806
1181808
1181810
1181812
1181813
1181815
1181816
1182158
1182220
1182254
1182441
1182634
1182649
1182655
1182664
1182668
1182705
1182707
1182709
1182748
1182757
1184004
1184137
1184142
1184143
1184145
1184146
1184148
1184149
1184324
1184325
1184370
1184371
1184372
1184374
1184375
1184392
1184393
1184394
1184400
1184455
1184457
1184468
1184657
1184658
1184659
1184660
1184661
1184665
1185209
1185257
1185325
1185383
1185443
1185444
1185457
1185459
1185464
1185486
1185488
1185489
1186429
1186536
1186538
1186540
1186542
1186543
1187674
1187682
1187683
1187685
1187687
1188339
1188945
1189050
1189052
1189054
1189055
1189056
1189400
1189410
1189412
1189413
1189418
1189422
1189426
1189429
1189476
1189569
1189700
1189715
1189726
1190586
1190589
1190590
1190591
1190599
1191006
1191011
1191376
1191528
1191529
1191531
1192562
1192753
1192995
1192996
1192997
1192998
1192999
1193132
1193213
1193225
1193229
1193235
1193239
1195452
1195664
1195735
1195739
1196083
1196084
1196838
1197367
1197369
1197371
1197768
1197771
1197774
1197778
1197970
1198453
1198507
1198510
1199387
1199389
1199391
1199393
1199394
1199400
1199453
1199912
1200139
1200141
1200194
1200221
1200377
1200379
1200381
1200383
1200624
1200626
1200628
1201077
1201111
1201112
1201113
1201132
1201173
1201174
1201175
1201177
1201183
1201320
1201680
1201685
1201686
1201695
1201701
1201702
1202210
1202212
1202444
1202535
1202537
1202540
1202757
1202771
1202772
1202773
1202831
1202833
1202879
1203463
1203464
1203466
1203911
1203968
1203969
1203996
1203997
1204027
1204084
1204137
1204139
1204141
1204143
1204145
1204146
1204148
1204150
1204152
1204246
1204249
1204577
1204579
1204581
1204588
1204589
1204603
1204930
1204952
1205026
1205057
1205060
1205210
1205211
1205365
1205367
1205368
1205371
1205380
1205432
1205433
1205573
1205575
1206007
1206255
1206257
1206258
1206260
1206261
1206262
1206265
1206267
1206268
1206270
1206272
1206274
1206276
1206624
1206784
1207072
1207073
1209208
1209279
1209281
1209284
1209337
1209340
1209567
1209570
1209572
1209575
1209612
1209614
1209616
1209618
1209620
1209622
1209624
1210000
1210460
1210462
1210692
1210696
1210698
1210700
1210702
1211511
1211513
1211515
1211517
1211522
1211590
1211601
1211619
1212142
1212144
1212146
1212147
1212436
1212509
1212521
1213076
1213078
1213079
1213501
1213953
1213955
1213956
1213958
1213960
1213963
1213965
1213967
1214077
1214434
1214767
1215253
1215603
1215938
1215950
1216521
1216547
1216616
1216617
1216619
1216621
1216623
1216625
1216627
1216628
1216629
1216632
1216634
1216635
1216861
1217008
1217351
1217453
1217476
1217481
1217483
1217495
1217496
1217504
1217630
1217632
1217634
1217635
1217637
1217640
1218225
1219265
1219268
1219319
1220975
1220977
1220978
1220980
1220981
1220982
1220983
1220985
1220986
1220988
1220990
1220992
1220994
1220995
1222701
1223853
1224157
1224158
1224197
1224601
1224602
1224786
1225555
1225586
1225613
1225630
1225632
1225637
1226184
1226339
1226385
1226386
1226658
1226831
1226887
1226888
1227040
1227963
1228059
1228060
1228061
1228248
1228367
1228369
1228371
1228373
1228384
1228385
1228387
1228555
1228750
1228760
1229955
1229961
1229965
1230034
1230037
1230040
1230043
1230045
1230046
1230604
1230778
1230779
1230780
1230815
1230818
1230896
1230897
1230898
1230899
1230901
1230902
1230903
1230907
1230908
1230909
1230913
1231268
1231270
1231271
1231272
1231274
1231276
1231277
1231279
1231280
1231282
1231578
1231579
1231937
1232037
1232038
1232039
1232042
1232044
1232597
1232598
1232600
1232602
1232603
1232604
1232605
1232606
1233273
1233665
1233687
1233688
1236586
1236587
1236588
1236890
1237350
1237351
1237357
1237363
1237367
1237369
1237424
1237427
1238521
1238523
1238525
1238546
1239022
1239693
1239695
1239696
1239698
1239699
1241136
1241137
1241139
1241423
1241425
1242110
1242400
1243210
1243304
1243305
1244661
1244662
1244663
1244664
1244665
1244738
1244739
1244771
1244785
1244925
1244934
1244935
1245181
1245556
1245558
1245559
1245561
1245564
1245566
1245569
1245571
1245634
1245786
1245787
1245791
1246198
1246199
1246342
1246718
1247004
1247005
1247060
1247553
1247561
1247563
1247564
1248411
1248502
1248536
1248563
1248565
1249466
1249467
1249472
1249473
1249881
1249882
1249911
1249912
1249915
1249932
1250018
1250021
1250092
1250727
1250730
1251112
1251781
1251782
1251783
1251819
1251820
1251821
1251856
1251857
1251858
1251860
1251865
1251899
1251940
1251941
1251942
1251943
1251945
1254029
1254030
1254032
1254034
1254046
1254126
1254517
1254518
1254521
1254522
1254524
1254526
1254820
1254824
1256468
1256737
1257429
1258049
1258052
1258054
1258812
1258815
1258867
1258869
1258871
1258873
1258875
1258876
1258878
1258880
1258881
1258882
1258884
1258885
1258887
1259119
1260034
1260136
1260138
1260653
1260655
1260656
1260658
1260659
1262524
1262525
1262526
1262529
1262861
1262873
1262994
1262995
1262999
1263150
1263153
1263157
1265684
1265892
1265894
1265895
1265896
1266059
1266599
1266601
1266602
1267307
1267529
1267530
1267571
1267574
1267575
1267576
1267615
1268147
1268150
1268156
1268157
1268159
1268167
1268791
1268879
1269498
1270027
1270503
1270558
1270749
1271259
1271260
1271261
1271262
1271264
1271753
1271959
1271960
1272016
1272067
1272068
1272069
1272079
1272084
1272087
1272172
1272194
1272196
1272198
1272199
1272200
1272513
1272514
1272516
1272518
1272519
1272520
1272522
1272525
1272526
1272528
1272530
1272531
1272532
1272763
1273647
1273747
1273749
1273991
1273992
1273994
1273995
1273996
1273997
1274383
1275476
1276175
1276176
1276177
1276262
1276441
1276557
1276564
1276565
1276569
1278556
1278558
1278559
1278560
1278561
1278563
1278569
1278570
1280163
1280164
1280556
1280566
1280567
1280569
1280614
1280615
1280617
1280619
1280621
1280623
1280626
1280628
1280630
1280631
1280633
1280635
1280636
1281480
1281487
1281494
1281801
1283139
1283141
1283143
1283164
1283165
1284271
1284988
1284996
1284997
1285351
1285353
1285354
1285355
1285356
1285383
1285467
1285790
1285791
1287061
1287087
1287088
1287089
1287132
1287135
1287185
1287336
1287353
1287356
1287358
1287412
1287930
1288168
1288169
1288180
1288479
1288481
1288493
1288528
1288532
1288533
1288559
1288576
1288577
1288586
1288588
1288590
1288592
1288593
1288594
1288595
1288599
1288601
1288603
1288605
1288606
1288608
1288610
1288611
1288614
1288616
1288619
1288683
1288689
1288734
1288756
1288768
1288772
1288774
1288776
1288792
1288794
1288798
1288830
1288831
1289186
1289374
1289559
1289725
1289729
1289982
1289984
1289986
1289987
1291339
1291493
1291585
1291586
1291588
1291592
1291702
1291733
1291767
1291770
1291775
1292246
1292328
1292330
1292331
1292333
1292339
1292342
1292958
1292974
1292975
1292976
1292977
1292979
1292980
1292981
1293736
1293922
1293923
1294057
1294168
1294170
1294171
1294266
1294495
1294694
1294707
1294711
1294718
1294723
1294724
1294726
1294728
1294731
1294734
1294781
1294868
1294870
1294871
1294872
1294873
1294874
1294875
1294878
1294998
1295000
1295002
1295004
1295006
1295008
1295009
1295010
1295459
1295461
1295466
1295467
1295804
1295827
1295830
1295831
1295833
1296646
1296648
1298533
1298854
1299077
1299472
1299762
1299763
1299764
1299767
1299768
1299773
1299775
1299926
1299928
1300080
1300442
1300443
1300445
1300519
1300786
1301304
1301660
1301929
1301934
1301938
1301948
1301950
1301953
1301955
1302744
1303145
1303202
1303667
1303668
1303669
1303671
1303672
1303674
1303719
1303720
1303971
1303973
1304486
1304487
1305267
1305268
1305269
1305271
1305273
1305495
1305661
1305665
1305976
1306274
1306413
1306419
1306552
1306649
1306656
1306658
1307064
1307206
1307262
1307388
1307391
1307395
1307396
1307397
1308450
1308454
1308456
1308458
1308459
1308665
1309087
1309090
1309272
1309278
1309282
1309750
1310083
1310088
1310720
1310762
1310764
1310766
1310767
1310769
1310810
1310815
1310817
1310829
1310830
1310831
1310853
1310890
1310963
1311317
1311321
1311322
1311323
1311324
1311326
1311327
1311328
1311729
1311931
1311932
1311934
1312250
1312457
1312460
1312489
1312500
1312634
1313031
1313032
1313784
1315030
1315063
1315119
1315120
1315875
1316204
1316243
1316906
1316908
1316910
1316911
1317121
1317974
1319108
1319737
1319738
1319739
1319741
1319742
1319744
