656116
660181
660709
662815
662819
662825
662826
662849
662862
662866
662881
665333
665347
665348
666392
669352
672444
672447
672458
672460
672481
673074
673077
673088
673090
673111
675028
676999
677777
679375
679377
682756
683950
685803
685811
685818
693748
695603
695608
697422
697950
697952
698470
702581
702585
704938
705003
705015
705034
705041
705050
705055
705057
705058
705608
710029
710030
710032
710034
716449
722335
723001
723018
723461
723669
723686
725741
729970
729971
729978
732621
734244
734247
734250
734252
734256
734257
734258
734265
734268
738456
739098
740071
740073
741113
741581
742623
742629
745530
746673
747207
747265
747488
747908
748089
750619
751059
751092
751095
751098
751476
751479
751482
755564
756063
756915
759096
765316
767196
768136
768137
768139
768140
768150
768152
768162
768168
768171
774156
774159
777456
778447
778457
778458
778461
778462
778470
778481
781695
781977
783668
783862
784041
788410
789800
791551
792214
792415
792562
792564
794522
796764
796969
797420
797550
800919
804129
808461
808569
808570
808572
808574
810363
810364
810366
810367
810369
810374
810380
810769
810770
810772
810773
810775
810780
810786
813201
814956
817996
817998
818115
818117
818119
818121
818125
818126
818396
819192
819297
822337
823397
823474
824618
824619
824620
824623
826076
826079
826084
826085
826086
826088
826090
830367
838709
839498
840435
840532
841539
841540
841614
842799
843179
849254
849257
1550775
1550776
1552262
1554085
1554185
1554581
1555982
1556466
1556467
1557128
1558183
1560627
1560629
1560657
1560772
1562480
1563453
1566600
1566737
1566739
1566740
1566750
1566764
1566776
1566781
1566784
1566791
1566793
1566797
1566801
1566806
1566815
1569878
1569879
1570009
1573430
1573433
1573434
1573436
1573937
1574629
1576284
1576541
1577658
1579618
1580452
1580935
1580936
1580941
1581025
1581037
1584539
1585035
1585470
1585491
1585493
1585496
1585711
1586285
1586289
1590803
1591045
1595615
1595659
1597843
1597844
1597845
1600382
1600383
1600390
1600393
1600396
1601506
1603408
1605609
1608351
1609789
1670809
1671219
1673206
1673211
1673543
1673550
1673560
1677291
1698623
1698799
1706127
1706131
1711851
1726001
1726003
1726006
1726008
1736966
1753490
1753494
1753495
1754250
1756342
1756403
1756960
1756961
1766094
1766104
1772077
1779177
1779186
1780174
1780178
1781091
