1321289
1321291
1321295
1321301
1321841
1321843
1321845
1321847
1322255
1322259
1322270
1322575
1322576
1322577
1322578
1323087
1323088
1323089
1323090
1323590
1323653
1323654
1323655
1324111
1324114
1324432
1324689
1326398
1326610
1326703
1326979
1327651
1327653
1328933
1328999
1329018
1329352
1329354
1329357
1329394
1329396
1329435
1329436
1329438
1329440
1329932
1329949
1329967
1329969
1329972
1330272
1330273
1330275
1330276
1330297
1330307
1330309
1330311
1330313
1330323
1330324
1330326
1330332
1330338
1330343
1330345
1330355
1330364
1330365
1330367
1330387
1330402
1331114
1331117
1331129
1331348
1331585
1331586
1331587
1331589
1331590
1331592
1331594
1331602
1331744
1331804
1331805
1331809
1331999
1332532
1332703
1333110
1333117
1333122
1334145
1334149
1334150
1334151
1334165
1334371
1335591
1335595
1335688
1335689
1336255
1336440
1336445
1336447
1336448
1336455
1336457
1336459
1336463
1336464
1336466
1336469
1336696
1336697
1336698
1336700
1336704
1337296
1337297
1337299
1337405
1337436
1338134
1338136
1338138
1338145
1338149
1338209
1338236
1338237
1338246
1338258
1338261
1338262
1338656
1338912
1338915
1340259
1340954
1340956
1340958
1340959
1340988
1341751
1341762
1342687
1342688
1342689
1342704
1342765
1342849
1342851
1342853
1342865
1342911
1343119
1343127
1343129
1343135
1343228
1343229
1343230
1343232
1343235
1343236
1343237
1343255
1343350
1343383
1343405
1343407
1343409
1343498
1343501
1343503
1343508
1343524
1343527
1343528
1343531
1343549
1343572
1343578
1343579
1343580
1343583
1343584
1343585
1343587
1343588
1343589
1343590
1343594
1343597
1343600
1343602
1343604
1344710
1344712
1346604
1346654
1346660
1346663
1346668
1346675
1347002
1347126
1347334
1347339
1347593
1347964
1347966
1347967
1347968
1347969
1347971
1347980
1347983
1347985
1348365
1348367
1348380
1348415
1348432
1348555
1348557
1348559
1348561
1348563
1348565
1348571
1348573
1348575
1348717
1348719
1348738
1348739
1348740
1348742
1348744
1348746
1348755
1349051
1349107
1349137
1349139
1349163
1349189
1349307
1349310
1349314
1350612
1350616
1350668
1351664
1351665
1351692
1351696
1351719
1351721
1351722
1351728
1351736
1351738
1351739
1351741
1351743
1351774
1353857
1353859
1353861
1353863
1353865
1353867
1353869
1353870
1354133
1354144
1354175
1354475
1354479
1354540
1354681
1356153
1356154
1356157
1356158
1356160
1356161
1356194
1356965
1357323
1357347
1357416
1357441
1357460
1357463
1357465
1357698
1357700
1357727
1357729
1357873
1357876
1357878
1357900
1358321
1358334
1358336
1358338
1358342
1358561
1358562
1358685
1358686
1359274
1359936
1359950
1359983
1360289
1360291
1360294
1360296
1360297
1360298
1360304
1360306
1360310
1360515
1360573
1360576
1360875
1361102
1361103
1361104
1361989
1361991
1361993
1361995
1361996
1362000
1362091
1362170
1362672
1362674
1362676
1362726
1362728
1362729
1362730
1363307
1366380
1366383
1366390
1366393
1366398
1366400
1367117
1367204
1367206
1367209
1367211
1367214
1367223
1367318
1367319
1367321
1368260
1368675
1369579
1372085
1372153
1372733
1372747
1373655
1373658
1373660
1373661
1373664
1374510
1374515
1374516
1374518
1374520
1374522
1374524
1374526
1374529
1374540
1374552
1374569
1377724
1377725
1377726
1377727
1377728
1377729
1377730
1377732
1377783
1377785
1378386
1378425
1378427
1378585
1378586
1378587
1378588
1378697
1378699
1378704
1378706
1378707
1379601
1379602
1379603
1379626
1380388
1380389
1380392
1380624
1381030
1381648
1381710
1381711
1382185
1382187
1382189
1382191
1382993
1385516
1385521
1385524
1386036
1386160
1387256
1387257
1387331
1387348
1387369
1387506
1387539
1387635
1387656
1387661
1387689
1387690
1387697
1387700
1387701
1387702
1387706
1387709
1387712
1387775
1388116
1388121
1388129
1388131
1388882
1388952
1388954
1389298
1390401
1390603
1390902
1390903
1391098
1391100
1391108
1391126
1391128
1391129
1391174
1391179
1391204
1391384
1391410
1391416
1391724
1391726
1391756
1392300
1393345
1394807
1394881
1394969
1394971
1395239
1396203
1396475
1396487
1396759
1396760
1396762
1396926
1397106
1398254
1398887
1398891
1400047
1400310
1400332
1400707
1400853
1400905
1401013
1401075
1401097
1401099
1401110
1401645
1401646
1401980
1402059
1402316
1402379
1404561
1404563
1404564
1404804
1404973
1404974
1404975
1404976
1404977
1405198
1405200
1405202
1405205
1405209
1405226
1405227
1405823
1406350
1407531
1409561
1409741
1410117
1410119
1410878
1410880
1411130
1411132
1411133
1411136
1411139
1411141
1411143
1412507
1412514
1412515
1412518
1413220
1413281
1413283
1413285
1413289
1413370
1413372
1413374
1413505
1413571
1413572
1413908
1413911
1413937
1413945
1415977
1415980
1415989
1416041
1416911
1417142
1417274
1417275
1417479
1418478
1418483
1418485
1418488
1418489
1418627
1418725
1418731
1418825
1419062
1419070
1419072
1419106
1420323
1420338
1420339
1420502
1420505
1420508
1420514
1420795
1420796
1421187
1421193
1421201
1421203
1421205
1421208
1421384
1421397
1421398
1421399
1421400
1422256
1422258
1422260
1422861
1422863
1422892
1422908
1422909
1423536
1424055
1424145
1424196
1424198
1424202
1424255
1424256
1424257
1424259
1424261
1424263
1424264
1424265
1424267
1424270
1424272
1424274
1424276
1424278
1424305
1424327
1424401
1424412
1424416
1425025
1425027
1425028
1425030
1425624
1426097
1426109
1427455
1427456
1427458
1427459
1427460
1427461
1427481
1427482
1427488
1427784
1427786
1427789
1427794
1427842
1428961
1429291
1429292
1429293
1429298
1429299
1429300
1429301
1429302
1429304
1429305
1430315
1430328
1431136
1431138
1431139
1431356
1431360
1431382
1431849
1432461
1432462
1432478
1432717
1432904
1432908
1432910
1436508
1436509
1436514
1436515
1436782
1436820
1437146
1437149
1437150
1437151
1437154
1437155
1437158
1437163
1437611
1437615
1437616
1437618
1437619
1437631
1437633
1437640
1437971
1437976
1438446
1438447
1438658
1438768
1439081
1439083
1439085
1439090
1439099
1439101
1439103
1440298
1440336
1441166
1441170
1441614
1441823
1442022
1442583
1442584
1443074
1443075
1443076
1443077
1443078
1444155
1444287
1444289
1444393
1444510
1445246
1445255
1445257
1445261
1445466
1447299
1447301
1447318
1447323
1447325
1447327
1447329
1447344
1447346
1447348
1447352
1447355
1447357
1447363
1447365
1447368
1447369
1447371
1447676
1447678
1447680
1447683
1447685
1447864
1448332
1448485
1448487
1448619
1451272
1451273
1451630
1451631
1451636
1451638
1452119
1452121
1452122
1452124
1452125
1452126
1452127
1452159
1452280
1452575
1452621
1453204
1453258
1453260
1453261
1453262
1453263
1453264
1453287
1453289
1453291
1453299
1453303
1453330
1453332
1453333
1453334
1453335
1453336
1453898
1453983
1453984
1453986
1454089
1454299
1454640
1455621
1455630
1456231
1456234
1456297
1456350
1456351
1456352
1456355
1456356
1456357
1457387
1457407
1457864
1458010
1458012
1458016
1458231
1458880
1458882
1458884
1459049
1459060
1459061
1459063
1459064
1459067
1459069
1459070
1459071
1459072
1459073
1459074
1459328
1459330
1459689
1459690
1459692
1459696
1459700
1459894
1460137
1460716
1460970
1460971
1461373
1461375
1461376
1461379
1461384
1461728
1461732
1461744
1461746
1462271
1464555
1464961
1465001
1465296
1465297
1465423
1465533
1465537
1465539
1465540
1465541
1465542
1465543
1465545
1465546
1465550
1465551
1465567
1465570
1465571
1465572
1465574
1465576
1465577
1465578
1465584
1466997
1466999
1467981
1467982
1467983
1467984
1467986
1467988
1467990
1467992
1468181
1469148
1469149
1469150
1469152
1469154
1469155
1469156
1469205
1470763
1470981
1470983
1470985
1471669
1471670
1471672
1471674
1471676
1471678
1471681
1471686
1471917
1471919
1471921
1471924
1471946
1472578
1472759
1473153
1473563
1474236
1474237
1474348
1474352
1475955
1475958
1476212
1476836
1477128
1477130
1477141
1477150
1477313
1477702
1478326
1478608
1478609
1478614
1478880
1478906
1478924
1479269
1479270
1479365
1479372
1479381
1481990
1481991
1481992
1481995
1481997
1481999
1485324
1486188
1486647
1486649
1487658
1487695
1487698
1487738
1487748
1487760
1487868
1488049
1488051
1488052
1488055
1488085
1488151
1488235
1488765
1489292
1489297
1489298
1489321
1490743
1490744
1490746
1490871
1490874
1490876
1490878
1490879
1490881
1490882
1490883
1490884
1490885
1490887
1490888
1490889
1490890
1490891
1490892
1490894
1490895
1490896
1490897
1490899
1490900
1490902
1490904
1490926
1491628
1491632
1491635
1491643
1492494
1492495
1492523
1492527
1492548
1492550
1492552
1492807
1493796
1493847
1493848
1493853
1494443
1494840
1494842
1494843
1494844
1494845
1494846
1494880
1494920
1494924
1494925
1496047
1496192
1496314
1497328
1497997
1498938
1499288
1499290
1499347
1499360
1499365
1499367
1499368
1499370
1499371
1499438
1499440
1499467
1500374
1500387
1500388
1500389
1500390
1500392
1500397
1502123
1502371
1502407
1502408
1502409
1502415
1502419
1502446
1502902
1505462
1505464
1505466
1505468
1505470
1505471
1505473
1505479
1505484
1505486
1505488
1505490
1505492
1505494
1505497
1505499
1505501
1505503
1505505
1505508
1505510
1505570
1505571
1505572
1505573
1505575
1505576
1505578
1505581
1505655
1506073
1506132
1507435
1507436
1510293
1510415
1510450
1510487
1510498
1510506
1510509
1510513
1510517
1510523
1510526
1510529
1510532
1510537
1510542
1510543
1510546
1510550
1510557
1510560
1510564
1510567
1510570
1510574
1510576
1510581
1510585
1510588
1510591
1510594
1510600
1510608
1510612
1510616
1510620
1510623
1510627
1510631
1510640
1510643
1510649
1510662
1510666
1510669
1510679
1510680
1510683
1510684
1510687
1510692
1510694
1510697
1510701
1510703
1510704
1510706
1510717
1510721
1510725
1510727
1510729
1510731
1510736
1510740
1510743
1510745
1510749
1510757
1510777
1510781
1510785
1510789
1510792
1510795
1510797
1510799
1510802
1510808
1510811
1510815
1510818
1510821
1510823
1510825
1510826
1510827
1510837
1510840
1510847
1510853
1510857
1510864
1510867
1510870
1510873
1510877
1510882
1510885
1510893
1510912
1510916
1510926
1510928
1510933
1510936
1510939
1510940
1510942
1510945
1510950
1510959
1510961
1510964
1510967
1510978
1511019
1511023
1511026
1511037
1511041
1511044
1511074
1511076
1511082
1511089
1511095
1511098
1511120
1511133
1511149
1511152
1511162
1511166
1511175
1511180
1511193
1511198
1511201
1511203
1511206
1511208
1511214
1511216
1511223
1511230
1511232
1511235
1511238
1511248
1511269
1511278
1511279
1511284
1511313
1511319
1511329
1511334
1511338
1511345
1511347
1511350
1511367
1511370
1511374
1511387
1511391
1511395
1511402
1511420
1511421
1511428
1511440
1511454
1511457
1511459
1511467
1511474
1511475
1511476
1511479
1511480
1511493
1511495
1511565
1511566
1511570
1511572
1511573
1511574
1511592
1511594
1511603
1511624
1512782
1512793
1513018
1513019
1513078
1513111
1513115
1513119
1513171
1513186
1513188
1513195
1513196
1513203
1513204
1513209
1513223
1513251
1513262
1513283
1513285
1513289
1513290
1513292
1513294
1513297
1513298
1513299
1513300
1513303
1513305
1513307
1513309
1513310
1513312
1513314
1513315
1513318
1513319
1513320
1513321
1513324
1513325
1513326
1513327
1513328
1513329
1513331
1513332
1513334
1513335
1513337
1513342
1513344
1513345
1513346
1513349
1513350
1513352
1513353
1513354
1513355
1513357
1513359
1513362
1513364
1513365
1513367
1513369
1513371
1513383
1513387
1513388
1513390
1513392
1513394
1513395
1513396
1513398
1513399
1513401
1513403
1513405
1513406
1513409
1513411
1513413
1513416
1513417
1513419
1513421
1513424
1513425
1513429
1513430
1513431
1513432
1513434
1513436
1513437
1513458
1513553
1513565
1513908
1513912
1513913
1513914
1513933
1513936
1513937
1513939
1514107
1514110
1514555
1514557
1514571
1514604
1514606
1514607
1514610
1514611
1514633
1515075
1515080
1515081
1515082
1515087
1516561
1516565
1516567
1516568
1516570
1516571
1516574
1516576
1516578
1516581
1516583
1516587
1516589
1516600
1517868
1518427
1518428
1518429
1518430
1518431
1518572
1519018
1519028
1519030
1519031
1519034
1519040
1519049
1519051
1519054
1519059
1519068
1519069
1519070
1519071
1519072
1519073
1519075
1519077
1519078
1519079
1519080
1519081
1519082
1519368
1519371
1519372
1519379
1519432
1519433
1519450
1519452
1519453
1519455
1519456
1519458
1519461
1519479
1519619
1519647
1519649
1519695
1519697
1519705
1519743
1520417
1520419
1520425
1520507
1520509
1520514
1520516
1520520
1520522
1520524
1520525
1520526
1520528
1520666
1520685
1520971
1521228
1522716
1522866
1523141
1523446
1523447
1523495
1523695
1523698
1523700
1523704
1523706
1523707
1523735
1523736
1523737
1523739
1523740
1523741
1523742
1524194
1524197
1524199
1525060
1525061
1525062
1525276
1525786
1525792
1525793
1525794
1525798
1525800
1527422
1527864
1528414
1528427
1528429
1528431
1528433
1528436
1528456
1528508
1528509
1528511
1528664
1528666
1528670
1528681
1528684
1528686
1528688
1528689
1528692
1529139
1529141
1529160
1529161
1529162
1529163
1529165
1529166
1529168
1529169
1529171
1529172
1529174
1529175
1529176
1529178
1529179
1529180
1529182
1529183
1529194
1529196
1529206
1529217
1530498
1530595
1530668
1530669
1530688
1530690
1530715
1530732
1530733
1530734
1530736
1530737
1530955
1530957
1530977
1531466
1531468
1531601
1531602
1531604
1531952
1532664
1533135
1533171
1533172
1533176
1533179
1533388
1533389
1533390
1534194
1534195
1534196
1534455
1534456
1534457
1535088
1535090
1535091
1535093
1535096
1535098
1535100
1535102
1535104
1535106
1535108
1535112
1535113
1535121
1535127
1535151
1535255
1535291
1535558
1535559
1536405
1536406
1536408
1536410
1536412
1536413
1536888
1536889
1537042
1537278
1537283
1537285
1537304
1538927
1539100
1539103
1539171
1539173
1539221
1539270
1539271
1539275
1539658
1539889
1540313
1540315
1540317
1540319
1541514
1541515
1541517
1541520
1541524
1542283
1542493
1542494
1542496
1542497
1543172
1543174
1543176
1543188
1543663
1543668
1544171
1544172
1544173
1544174
1544175
1544176
1544178
1544180
1544182
1544184
1544186
1544188
1544189
1544191
1545536
1545537
1545538
1545556
1545931
1545932
1546008
1546010
1546133
1546134
1546200
1546273
1546279
1546281
1546282
1546368
1546625
1546875
1546877
1546884
1546885
1546969
1546970
1546971
1546972
1546973
1547483
1547487
1547724
1547726
1547899
1547901
1547903
1547905
1547908
1547913
1547916
1547918
1547919
1547922
1547924
1548021
1548153
1548155
1548308
1548579
1548580
1549137
1549138
1549142
1550008
1550039
1550041
1550043
1550045
1550047
1550066
1550085
1550094
1550096
1550115
1555046
1555047
1555062
1555256
1555368
1555369
1555370
1555371
1555372
1555373
1557389
1557917
1558299
1558303
1558310
1558311
1558313
1558348
1558350
1558478
1558480
1558481
1558483
1558485
1558490
1558497
1558769
1558849
1558850
1560664
1561551
1561559
1561692
1561693
1562338
1562462
1563560
1563606
1563609
1565263
1565365
1565370
1565372
1565373
1565374
1565378
1565420
1567953
1568111
1568114
1568117
1568118
1568123
1568129
1568130
1568131
1568494
1568495
1568496
1568498
1568499
1568501
1568506
1570732
1570734
1570737
1570906
1572167
1572169
1573627
1573632
1573636
1574108
1574218
1574221
1574223
1574241
1574719
1574721
1574722
1574723
1574725
1574726
1574728
1574730
1574897
1574988
1575519
1575532
1576018
1576019
1576020
1576022
1576024
1576025
1576026
1576027
1576029
1576032
1576039
1576041
1576045
1578194
1578608
1578610
1578611
1578613
1578615
1578617
1578619
1578620
1578621
1578625
1578627
1578629
1578631
1578632
1578634
1578635
1578636
1579365
1579369
1579370
1579371
1579829
1579831
1579897
1579899
1580862
1580864
1580865
1580867
1580868
1580869
1580870
1580871
1580872
1580874
1580875
1580882
1581350
1581352
1581353
1581354
1583112
1583117
1583156
1583820
1583822
1583824
1583838
1583845
1583847
1583868
1583870
1584092
1584096
1584105
1584114
1584121
1584122
1584123
1584158
1584163
1584399
1584618
1584883
1584884
1585066
1585415
1585417
1585438
1585440
1585441
1585669
1586005
1586025
1586471
1586472
1586473
1586872
1587009
1587087
1587089
1587090
1587091
1587092
1587093
1587493
1587495
1587696
1587705
1587708
1587712
1587718
1587723
1587726
1587733
1587737
1587738
1587741
1587743
1587744
1587747
1587749
1587752
1587753
1587755
1587862
1587865
1587866
1588053
1589021
1589024
1589026
1589028
1589029
1589031
1589032
1589034
1589036
1589038
1589039
1589041
1589043
1589044
1589045
1589046
1589048
1589050
1589052
1589053
1589056
1589057
1589059
1589063
1589065
1589067
1589069
1589070
1589072
1589073
1589089
1589092
1590939
1590949
1590951
1590952
1590954
1590955
1590956
1590964
1591309
1591311
1591313
1591479
1591487
1591489
1591491
1591493
1591503
1591505
1591506
1591507
1591508
1591511
1591513
1591525
1591547
1591548
1591680
1591681
1591696
1592579
1592581
1593053
1593055
1593204
1593999
1594002
1594005
1594007
1594009
1594011
1594013
1594019
1594020
1594021
1595179
1595181
1595183
1595184
1595185
1595189
1595191
1595197
1595220
1595432
1595434
1595436
1595465
1595466
1595474
1595486
1595524
1595916
1595930
1596119
1596120
1596135
1596167
1597100
1597101
1597649
1597703
1597704
1599086
1599090
1599155
1599158
1599159
1599160
1599161
1599162
1599168
1599171
1599283
1600276
1601266
1601268
1602113
1602114
1602115
1602141
1602143
1602144
1602145
1602146
1603101
1603103
1603104
1603110
1603112
1603486
1603531
1604949
1604950
1605001
1605401
1607246
1607249
1607253
1607255
1607257
1607258
1608659
1608660
1609449
1609471
1609472
1609647
1614074
1614076
1614078
1614092
1614148
1614617
1614622
1614624
1617133
1617378
1617379
1617382
1617831
1617833
1617835
1617836
1617838
1617841
1617843
1618678
1618682
1618684
1618685
1618686
1618687
1618692
1620030
1620031
1620490
1621359
1621360
1621468
1621483
1621485
1621486
1622082
1627274
1627275
1627277
1627279
1627281
1627283
1627288
1627291
1627628
1627629
1630639
1630641
1630879
1630881
1630883
1630885
1630973
1630974
1630975
1630976
1630977
1630978
1630979
1630980
1631240
1631242
1631244
1631246
1631249
1631250
1631288
1631519
1631521
1631523
1631524
1631526
1631528
1631530
1631533
1631534
1631535
1631537
1631539
1631541
1631543
1631545
1631547
1631549
1631551
1631552
1631553
1631554
1631558
1631559
1631560
1631561
1631563
1631575
1631590
1631591
1631592
1631593
1631595
1634475
1634476
1634477
1634478
1634479
1634480
1634481
1634482
1634490
1634513
1634594
1634596
1634600
1634840
1635355
1635356
1635536
1636439
1638606
1638608
1639176
1639177
1639179
1639229
1639684
1639686
1640124
1640125
1640904
1640906
1640907
1640909
1641205
1641207
1641209
1641212
1641213
1641215
1641217
1641218
1641219
1641221
1641809
1642759
1642762
1642763
1642764
1642768
1642769
1642770
1644714
1644799
1644800
1644835
1644836
1644838
1644914
1644920
1644925
1644937
1644939
1644950
1644952
1644963
1644967
1644968
1644973
1644977
1645563
1646012
1646025
1646041
1646043
1646045
1646049
1646051
1646053
1646056
1646095
1646099
1646100
1646102
1646104
1646106
1646108
1646110
1646111
1646113
1646114
1646724
1646736
1646737
1646738
1646739
1646740
1646954
1646957
1646963
1646968
1646995
1646998
1646999
1647024
1647025
1647026
1647027
1647028
1647711
1647786
1647787
1647789
1647791
1649998
1650263
1650499
1651189
1651190
1651296
1651476
1652438
1652440
1652443
1652444
1652445
1652447
1653125
1653128
1653130
1653131
1653133
1653135
1653137
1653139
1653141
1653143
1653145
1653147
1654209
1654210
1654213
1654306
1654854
1655116
1655636
1655640
1655671
1655673
1655863
1656589
1656591
1656594
1656968
1656969
1656970
1657567
1657568
1658273
1659529
1660381
1661169
1661171
1662230
1662284
1662285
1662431
1662444
1662491
1663122
1663124
1663261
1663264
1663265
1663266
1663268
1663270
1663272
1663273
1663274
1663275
1664105
1664113
1664845
1664846
1664848
1665051
1665083
1665107
1665283
1665284
1666322
1666323
1666324
1666325
1666912
1667322
1667324
1667325
1667327
1667328
1668760
1668797
1668799
1668800
1668802
1668803
1668804
1668975
1670661
1671132
1671133
1671135
1674478
1674480
1674482
1674484
1674486
1674490
1674492
1674494
1674495
1674497
1674498
1674515
1674517
1674830
1677018
1677020
1677021
1677022
1677027
1677031
1677051
1677052
1677054
1677058
1677062
1677063
1677065
1677066
1677067
1677069
1677075
1677077
1677079
1677080
1677081
1677084
1679253
1679254
1679255
1679259
1679260
1679262
1681260
1683828
1683857
1683858
1687222
1687983
1689307
1689310
1689314
1689316
1689318
1696059
1696063
1697339
1697340
1697343
1697344
1697346
1697348
1697350
1697352
1697354
1697355
1697356
1697358
1697372
1697374
1705359
1705363
1705367
1705375
1705378
1705382
1705385
1705388
1705389
1705391
1705394
1705395
1705396
1705398
1705400
1705402
1705403
1705416
1705417
1705418
1705420
1705422
1705424
1705426
1705430
1705432
1705434
1705436
1705438
1705440
1705444
1705446
1705448
1705451
1705454
1705460
1709616
1709617
1709855
1709857
1709859
1713297
1713311
1713312
1713321
1713323
1713325
1713327
1713331
1713333
1713335
1713336
1713339
1713340
1713342
1713344
1713347
1713349
1713352
1713357
1713361
1713365
1713367
1713369
1713370
1713372
1713375
1713378
1713381
1713383
1713385
1713387
1713389
1713391
1713392
1713395
1713398
1721615
1723479
1723481
1723483
1723911
1723912
1723917
1723918
1724047
1724054
1724055
1724058
1724060
1724061
1724063
1724065
1724067
1724068
1724069
1724072
1724076
1724439
1724440
1724443
1724444
1724447
1724448
1724452
1724455
1724456
1724459
1724462
1724463
1724464
1724468
1724471
1724473
1724920
1726199
1726200
1727623
1727625
1729131
1729133
1729135
1729137
1729138
1729141
1729142
1729145
1729147
1729149
1729151
1729154
1729161
1729163
1729166
1729168
1729170
1729174
1729175
1729179
1729182
1729189
1729191
1729194
1729196
1729197
1729198
1729199
1729202
1729204
1729207
1729210
1729214
1729217
1729219
1729223
1729225
1729228
1729230
1729231
1729233
1729253
1729254
1729256
1729257
1732640
1737960
1737962
1742031
1742033
1742035
1742037
1745326
1745327
1745329
1745332
1745334
1745335
1745338
1746356
1746358
1746360
1746362
1746366
1746368
1746371
1746374
1746387
1746417
1746421
1746423
1746425
1746429
1746431
1746638
1747366
1747367
1747368
1747435
1754880
1754881
1754884
1754886
1754891
1754892
1754898
1754900
1754902
1754906
1754908
1754915
1754918
1754920
1754922
1754924
1754926
1754928
1754929
1754930
1754931
1754932
1754933
1754934
1754935
1754938
1754939
1754941
1754943
1754946
1754947
1754950
1754953
1754955
1754958
1754961
1754965
1754966
1754968
1754971
1754975
1754981
1754986
1754988
1754990
1754992
1754994
1754999
1755002
1755003
1755005
1755009
1755011
1755013
1755017
1755019
1755021
1755024
1755025
1756005
1756007
1756018
1756020
1756021
1756024
1756026
1756028
1756032
1756579
1756581
1756584
1756586
1756588
1756593
1756712
1756714
1756715
1756718
1756720
1756722
1756726
1756822
1756842
1756843
1756849
1756850
1756852
1756853
1756855
1756857
1756859
1756862
1756865
1756867
1756869
1756874
1756877
1756879
1756880
1756882
1756883
1756885
1756892
1756895
1756896
1756898
1756901
1756903
1756904
1756905
1756908
1756909
1756910
1757070
1757071
1757589
1757591
1757593
1757595
1757596
1757597
1757599
1757600
1757607
1757609
1757610
1757611
1758070
1758072
1758073
1758074
1762041
1762043
1762044
1762045
1762047
1762051
1762053
1762821
1762822
1762823
1764349
1764352
1764353
1764356
1764358
1764362
1764365
1764374
1764376
1764377
1764378
1764380
1764382
1764384
1764385
1764387
1764393
1764395
1764397
1764398
1764403
1764615
1764625
1764645
1766594
1766595
1766596
1766598
1769598
1769606
1769607
1769608
1769613
1769614
1769615
1769631
1769657
1769662
1769664
1769666
1769670
1769672
1769674
1769676
1769681
1769682
1769684
1769691
1769692
1769695
1769697
1769699
1769702
1769704
1769711
1769713
1769715
1769717
1769719
1769721
1769722
1769724
1769726
1769728
1769731
1769735
1769737
1769745
1769747
1774780
1775484
1775488
1775491
1775493
1775495
1775496
1775499
1775502
1775504
1775505
1775510
1775512
1775514
1775516
1775518
1775520
1775535
1775537
1775539
1775545
1775547
1775548
1775550
1775552
1775554
1776686
1776688
1776689
1776691
1776693
1776695
1776702
1776710
1776711
1776712
1776713
1776797
1776799
1776803
1779490
1779743
1779745
1779747
1779749
1779751
1779753
1779755
1780727
1780728
1781552
1781554
1781556
1781558
1781559
1781571
1781573
1781579
1781581
1781583
1781584
1781585
1781590
1781597
1781598
1781599
1781600
1781601
1781602
1781603
1781605
1781607
1781608
1781609
1781611
1781612
1781613
1781614
1782319
1782321
1782324
1782465
1782572
1782573
1782574
1782575
1782577
1782578
1782579
1782580
1785721
1785722
1785728
1785732
1785739
1785740
1785741
1785742
1785747
1785748
1785750
1785751
1785753
1785754
1785756
1785757
1785834
1789151
1789153
1789154
1789156
1789159
1789160
1789161
1789163
1789165
1789171
1789172
1789177
1789179
1789184
1789188
1789189
1791266
1791268
1791270
1791271
1791273
1794701
1794703
1794704
1794706
1794709
1794712
1794714
1794716
1795825
1795827
1795828
1795830
1795831
1795832
1799884
1799885
1799886
1801630
1808485
1808486
1809894
1809896
1809899
1809902
1809903
1809905
1809907
1809909
1812076
1812077
1812078
1812418
1814601
1814603
1814605
1814608
1814609
1814610
1814739
1814741
1815066
1815068
1815069
1817112
1817113
1817114
1817320
1817321
1818639
1818641
1818643
1818645
1818646
1818648
1818692
1818693
1818694
1818696
1818734
1818735
1818736
1818946
1818947
1818948
1819090
1819565
1819566
1819567
1819568
1819930
1820499
1820699
1820701
1820702
1822165
1822174
1824324
1824325
1824326
1824485
1824486
1824487
1824488
1824489
1824527
1827928
1827940
1827941
1831098
1832066
1832067
1832068
1832069
1832070
1832072
1832076
1832078
1832079
1832081
1834320
1834321
1834322
1835768
1837271
1837273
1837274
1837275
1837277
1837282
1837286
1837288
1837290
1837302
1837311
1837313
1837315
1837342
1837344
1837346
1837348
1839323
1839325
1839326
1839328
1839329
1839331
1839332
1839376
1839913
1839915
1839916
1840898
1840899
1840900
1840902
1840904
1840905
1840906
1841079
1841081
1841083
1841085
1841086
1841088
1841089
1841093
1841096
1841098
1841099
1841100
1841446
1841479
1841481
1841483
1841485
1841487
1843035
1843461
1843470
1843472
1843474
1843476
1843477
1843478
1843479
1843481
1843483
1843485
1843487
1843488
1843492
1843494
1843496
1843498
1843500
1843504
1843506
1843529
1843547
1843548
1843549
1843551
1843553
1843656
1843657
1843659
1843660
1843661
1843662
1843663
1843665
1843667
1843668
1843670
1843671
1843672
1843673
1844153
1844155
1844157
1844159
1844165
1844169
1844173
1844177
1844179
1844182
1844187
1844212
1844213
1844214
1844215
1844218
1844220
1844221
1844223
1844224
1844225
1844226
1844228
1844233
1844235
1844236
1845482
1846284
1846285
1846286
1846288
1847061
1847064
1847871
1847872
1848281
1848283
1848285
1848287
1848289
1848291
1848292
1848294
1848296
1848297
1848298
1848299
1848300
1848302
1848303
1849922
1849924
1850834
1850837
1850839
1850841
1850842
1850844
1850846
1850848
1850850
1850851
1850853
1853511
1853512
1853513
1853514
1853515
1853547
1853549
1853551
