1129097
1132132
1133024
1135152
1135156
1135158
1135161
1136769
1136770
1136773
1138110
1138112
1141378
1148526
1149218
1154472
1157653
1159265
1159270
1160497
1160498
1161451
1161454
1161985
1164995
1164997
1167005
1167670
1167674
1170481
1174531
1177606
1177612
1178711
1178725
1182382
1182383
1182479
1182750
1188639
1192601
1198464
1204962
1206712
1209300
1213517
1213519
1214545
1222490
1222979
1233551
1234087
1234090
1234439
1234441
1236600
1237332
1239403
1241600
1243333
1243334
1244926
1246725
1246726
1257416
1257421
1257425
1258690
1258693
1258695
1258935
1260497
1264342
1264345
1265716
1267073
1278898
1282585
1285268
1287001
1289188
1293214
1299841
1315435
1351544
1386321
1386329
