172845
172847
172849
172944
178946
178949
178953
178955
178957
178959
206995
207006
207012
212380
212383
212385
212391
212393
212395
212397
212399
212401
212404
215412
215415
215417
215420
215425
215428
215434
215455
215460
215462
215464
215471
215475
215477
215704
215714
221605
221632
221705
221707
221716
221720
221723
221728
221740
221746
221748
221750
221753
221755
221757
221759
221761
221764
221769
221772
221775
231282
231286
231288
231291
231293
231295
231297
231299
231304
231310
231351
231353
244718
244720
244722
244726
244728
244730
244732
244734
244736
244738
244745
244749
244751
244762
246884
260496
264163
264178
264186
264208
264215
264222
264224
264228
274750
274758
274763
274765
274771
274783
284069
284071
284073
284077
284079
284118
284130
284132
287131
287133
287139
287141
287143
287149
290059
292186
292188
292194
293209
305156
314807
314812
314814
314816
314826
314848
314850
314855
314859
314861
314878
314880
314886
314890
324210
324212
324217
324219
324226
324230
324237
324243
324320
324326
324328
324360
324362
324368
324374
359500
372070
372193
372206
378321
378323
378331
378333
378936
378938
378978
378983
378985
378991
378995
379002
379004
402693
402697
424858
424860
424862
424864
440708
440710
440712
440715
479038
483160
483265
483267
483272
483274
483276
483287
483289
483295
483298
483301
483305
483377
483383
483385
483387
483398
483424
497337
497387
497389
497393
497395
497399
497420
497422
497449
497451
543383
559202
559210
560255
568660
568662
568664
568759
574756
574759
574763
574765
574767
574769
602771
602782
602788
608154
608157
608159
608165
608167
608169
608171
608173
608175
608178
611181
611184
611186
611189
611194
611197
611203
611224
611229
611231
611233
611240
611244
611246
611483
617371
617398
617471
617473
617482
617486
617489
617494
617506
617512
617514
617516
617519
617521
617523
617525
617527
617530
617535
617538
617541
627039
627043
627045
627048
627052
627054
627056
627061
627067
627108
627110
640474
640476
640478
640482
640484
640486
640488
640490
640492
640494
640501
640505
640507
640518
642636
656232
659896
659911
659919
659941
659948
659955
659957
659961
670474
670482
670487
670489
670495
670507
679786
679788
679790
679794
679796
679835
679847
679849
682842
682844
682850
682852
682854
682860
685768
687895
687897
687903
688918
700858
710499
710504
710506
710508
710518
710540
710542
710547
710551
710553
710570
710572
710578
710582
719899
719901
719906
719908
719915
719919
719926
719932
720009
720015
720017
720049
720051
720057
720063
755172
767742
767865
767878
773993
773995
774003
774005
774608
774610
774650
774655
774657
774663
774667
774674
774676
798359
798363
820519
820521
820523
820525
836367
836369
836371
836374
874673
878792
878897
878899
878904
878906
878908
878919
878921
878927
878930
878933
878937
879009
879015
879017
879030
879056
892967
893017
893019
893023
893025
893029
893050
893052
893079
893081
938986
954802
954810
955855
963868
963870
963872
963967
969964
969967
969971
969973
969975
969977
997979
997990
1003362
1003365
1003367
1003373
1003375
1003377
1003379
1003381
1003383
1003386
1006389
1006392
1006394
1006397
1006402
1006405
1006411
1006432
1006437
1006439
1006441
1006448
1006452
1006454
1006691
1012579
1012606
1012679
1012681
1012690
1012694
1012697
1012702
1012714
1012720
1012722
1012724
1012727
1012729
1012731
1012733
1012735
1012738
1012743
1012746
1012749
1022247
1022251
1022253
1022256
1022260
1022262
1022264
1022269
1022275
1022316
1022318
1035682
1035684
1035686
1035690
1035692
1035694
1035696
1035698
1035700
1035702
1035709
1035713
1035715
1035726
1037844
1051440
1055104
1055119
1055127
1055149
1055156
1055163
1055165
1055169
1065682
1065690
1065695
1065697
1065703
1065715
1074994
1074996
1074998
1075002
1075004
1075043
1075055
1075057
1078050
1078052
1078058
1078060
1078062
1078068
1080976
1083103
1083105
1083111
1084126
1096066
1105707
1105712
1105714
1105716
1105726
1105748
1105750
1105755
1105759
1105761
1105778
1105780
1105786
1105790
1115107
1115109
1115114
1115116
1115123
1115127
1115134
1115140
1115217
1115223
1115225
1115257
1115259
1115265
1115271
1150380
1162950
1163073
1163086
1169201
1169203
1169211
1169213
1169816
1169818
1169858
1169863
1169865
1169871
1169875
1169882
1169884
1193567
1193571
1215727
1215729
1215731
1215733
1231575
1231577
1231579
1231582
1269881
1274000
1274105
1274107
1274112
1274114
1274116
1274127
1274129
1274135
1274138
1274141
1274145
1274217
1274223
1274225
1274238
1274264
1288175
1288225
1288227
1288231
1288233
1288237
1288258
1288260
1288287
1288289
1334194
1350010
1350018
1351063
1361353
1361365
1361368
1361371
1361373
1361376
1361377
1361378
1361381
1361383
1361384
1361385
1361386
1361390
1361393
1361395
1361399
1361401
1361403
1361407
1361411
1361412
1361415
1361416
1361417
1361420
1361422
1361424
1361426
1361427
1361431
1369821
1369825
1369827
1369832
1389070
1389072
1389073
1389074
1389078
1389080
1389082
1389084
1389093
1389096
1389098
1389100
1389102
1389103
1389104
1389110
1389112
1396687
1396689
1396691
1396693
1396695
1396697
1396702
1396705
1396711
1396713
1396715
1396717
1396729
1396731
1396735
1396737
1396740
1396745
1399238
1399246
1399248
1399252
1399254
1399256
1399264
1407277
1407279
1407282
1407285
1407304
1407305
1407306
1407307
1407308
1407309
1407310
1407311
1407312
1407313
1407314
1420846
1420848
1420852
1420854
1420856
1420860
1420862
1420865
1420868
1420871
1420874
1420876
1420881
1420883
1420885
1420897
1420901
1420903
1420905
1420908
1420912
1420914
1420916
1420919
1420922
1420925
1420927
1420928
1420930
1420963
1420976
1420978
1420980
1420982
1420984
1420986
1420988
1420990
1420992
1420994
1421004
1421057
1421059
1421061
1421063
1421065
1423605
1423611
1423614
1423616
1423618
1423622
1423626
1423634
1423636
1423741
1431190
1431198
1431200
1431202
1431204
1431206
1431208
1437192
1437204
1437206
1461456
1461458
1461460
1461462
1461466
1466877
1466878
1466879
1466880
1466881
1466887
1466889
1466891
1466892
1466893
1466896
1466897
1466898
1466899
1466900
1466901
1466931
1466933
1466963
1466965
1466968
1466981
1466988
1466990
1466995
1466997
1466999
1467001
1467003
1467043
1467045
1467047
1467050
1467052
1467054
1467058
1467097
1467099
1467101
1467103
1467111
1467119
1467126
1467128
1467130
1467134
1467137
1467139
1467141
1467145
1467147
1467150
1467152
1467163
1467258
1476123
1476125
1476130
1481808
1481810
1481813
1481825
1482050
1482052
1482054
1482056
1482085
1482118
1482120
1482122
1482125
1482129
1482137
1500072
1508442
1508472
1508595
1508597
1508599
1508602
1510793
1510794
1510796
1510798
1510850
1510852
1510855
1510857
1510859
1510869
1510881
1510883
1510888
1510889
1510892
1510893
1510897
1510902
1510906
1510907
1510911
1510912
1510919
1510922
1510924
1510927
1510929
1510931
1510933
1510937
1510938
1510939
1510940
1510941
1510942
1510943
1510944
1510948
1510950
1510952
1510955
1510957
1510959
1510961
1510962
1510963
1510964
1510965
1510966
1510967
1510971
1510973
1510974
1510978
1510979
1510980
1510981
1510982
1510983
1510984
1510985
1510986
1515324
1515326
1515334
1515336
1515338
1515340
1515342
1515344
1529837
1529849
1529852
1529856
1529857
1529858
1529859
1529860
1529868
1529870
1529871
1529874
1529876
1529880
1529882
1529893
1529895
1529901
1537621
1537628
1537632
1537637
1544667
1544670
1544672
1544682
1544837
1544844
1545823
1545825
1545828
1545830
1545831
1545832
1545836
1545841
1545846
1545848
1545851
1545853
1545854
1545855
1545859
1545861
1545862
1553788
1553808
1553811
1553818
1553820
1553824
1553844
1553846
1553864
1553866
1553868
1553874
1553877
1553879
1553881
1553886
1553888
1553919
1553923
1553925
1553927
1553935
1553937
1553944
1553948
1553950
1553952
1553986
1553988
1553996
1553998
1554000
1554014
1560808
1560810
1560812
1560814
1560816
1560818
1560822
1560826
1560828
1560832
1560837
1565576
1565581
1565583
1565625
1565654
1565656
1565660
1565670
1572252
1572267
1572268
1572271
1572272
1572273
1572274
1572275
1572276
1572277
1572282
1572283
1572284
1572285
1572286
1572290
1572292
1572293
1572294
1572295
1572300
1572311
1572313
1572315
1572318
1572320
1572323
1572325
1572327
1572329
1572331
1572334
1572339
1572343
1572349
1572376
1598537
1598539
1598542
1598545
1598547
1598565
1598567
1598569
1598572
1598574
1598576
1598578
1598580
1602847
1602849
1602853
1602856
1602858
1602860
1602862
1602865
1602867
1602870
1606706
1606708
1606710
1606712
1606721
1606728
1606769
1611551
1611553
1611561
1611564
1611566
1611572
1611573
1611574
1611575
1611576
1611577
1611578
1611579
1611580
1611581
1611582
1611583
1611584
1611585
1611587
1611588
1611589
1611590
1611591
1611594
1611596
1611598
1611603
1611605
1611608
1611612
1611614
1611616
1611623
1611628
1611631
1611634
1611635
1611636
1611637
1611638
1611640
1611642
1611649
1611651
1611653
1611655
1611657
1611658
1611659
1611661
1611662
1611663
1611666
1611668
1616031
1616042
1616045
1616088
1616090
1616100
1616106
1616108
1620528
1620530
1620532
1620534
1620536
1620538
1620544
1620551
1620557
1620563
1620565
1620570
1620573
1620575
1620587
1620591
1620593
1620595
1623432
1623437
1623441
1623443
1623450
1623453
1623456
1623458
1623460
1623467
1623469
1623471
1623473
1630100
1630112
1630115
1630118
1630120
1630123
1630124
1630125
1630128
1630130
1630131
1630132
1630133
1630137
1630140
1630142
1630146
1630148
1630150
1630154
1630158
1630159
1630162
1630163
1630164
1630167
1630169
1630171
1630173
1630174
1630178
1638564
1638568
1638570
1638575
1657798
1657800
1657801
1657802
1657806
1657808
1657810
1657812
1657821
1657824
1657826
1657828
1657830
1657831
1657832
1657838
1657840
1665414
1665416
1665418
1665420
1665422
1665424
1665429
1665432
1665438
1665440
1665442
1665444
1665456
1665458
1665462
1665464
1665467
1665472
1667964
1667972
1667974
1667978
1667980
1667982
1667990
1675995
1675997
1676000
1676003
1676022
1676023
1676024
1676025
1676026
1676027
1676028
1676029
1676030
1676031
1676032
1689552
1689554
1689558
1689560
1689562
1689566
1689568
1689571
1689574
1689577
1689580
1689582
1689587
1689589
1689591
1689603
1689607
1689609
1689611
1689614
1689618
1689620
1689622
1689625
1689628
1689631
1689633
1689634
1689636
1689669
1689682
1689684
1689686
1689688
1689690
1689692
1689694
1689696
1689698
1689700
1689710
1689763
1689765
1689767
1689769
1689771
1692311
1692317
1692320
1692322
1692324
1692328
1692332
1692340
1692342
1692447
1694468
1694476
1694478
1694480
1694482
1694484
1694486
1700465
1700477
1700479
1724715
1724717
1724719
1724721
1724725
1730146
1730147
1730148
1730149
1730150
1730156
1730158
1730160
1730161
1730162
1730165
1730166
1730167
1730168
1730169
1730170
1730202
1730232
1730234
1730237
1730250
1730257
1730259
1730264
1730266
1730268
1730270
1730272
1730312
1730314
1730316
1730319
1730321
1730323
1730327
1730366
1730368
1730370
1730372
1730380
1730388
1730395
1730397
1730399
1730403
1730406
1730408
1730410
1730414
1730416
1730419
1730421
1730432
1730527
1739389
1739391
1739396
1745074
1745076
1745079
1745091
1745316
1745318
1745320
1745322
1745351
1745384
1745386
1745388
1745391
1745395
1745403
1763336
1771703
1771733
1771856
1771858
1771860
1771863
1774053
1774054
1774056
1774058
1774110
1774112
1774115
1774117
1774119
1774141
1774143
1774148
1774149
1774152
1774153
1774157
1774162
1774166
1774167
1774171
1774172
1774179
1774182
1774184
1774187
1774189
1774191
1774193
1774197
1774198
1774199
1774200
1774201
1774202
1774203
1774204
1774208
1774210
1774212
1774215
1774217
1774219
1774221
1774222
1774223
1774224
1774225
1774226
1774227
1774231
1774233
1774234
1774238
1774239
1774240
1774241
1774242
1774243
1774244
1774245
1774246
1778581
1778583
1778591
1778593
1778595
1778597
1778599
1778601
1793079
1793091
1793094
1793098
1793099
1793100
1793101
1793102
1793110
1793112
1793113
1793116
1793118
1793122
1793124
1793135
1793137
1793143
1800862
1800869
1800873
1800878
1807906
1807909
1807911
1808076
1808083
1809060
1809062
1809065
1809067
1809068
1809069
1809073
1809078
1809083
1809085
1809088
1809090
1809091
1809092
1809096
1809098
1809099
1817022
1817042
1817045
1817052
1817054
1817058
1817078
1817080
1817098
1817100
1817102
1817108
1817111
1817113
1817115
1817120
1817122
1817153
1817157
1817159
1817161
1817169
1817171
1817178
1817182
1817184
1817186
1817220
1817222
1817230
1817232
1817234
1817248
1824035
1824037
1824039
1824041
1824043
1824045
1824049
1824053
1824055
1824059
1824064
1828801
1828806
1828808
1828850
1828879
1828881
1828885
1835475
1835490
1835491
1835494
1835495
1835496
1835497
1835498
1835499
1835500
1835505
1835506
1835507
1835508
1835509
1835513
1835515
1835516
1835517
1835518
1835523
1835534
1835536
1835538
1835541
1835543
1835546
1835548
1835550
1835552
1835554
1835557
1835562
1835566
1835572
1835599
1861747
1861749
1861752
1861755
1861757
1861775
1861777
1861779
1861782
1861784
1861786
1861788
1861790
1866054
1866056
1866060
1866063
1866065
1866067
1866069
1866072
1866074
1866077
1869912
1869914
1869916
1869918
1869927
1869934
1869975
1874755
1874757
1874765
1874768
1874770
1874776
1874777
1874778
1874779
1874780
1874781
1874782
1874783
1874784
1874785
1874786
1874787
1874788
1874789
1874791
1874792
1874793
1874794
1874795
1874798
1874800
1874802
1874807
1874809
1874812
1874816
1874818
1874820
1874827
1874832
1874835
1874838
1874839
1874840
1874841
1874842
1874844
1874846
1874853
1874855
1874857
1874859
1874861
1874862
1874863
1874865
1874866
1874867
1874870
1879232
1879243
1879246
1879289
1879291
1879301
1879307
1879309
1883728
1883730
1883732
1883734
1883736
1883738
1883744
1883751
1883757
1883763
1883765
1883770
1883773
1883775
1883787
1883791
1883793
1883795
1886631
1886636
1886640
1886642
1886649
1886652
1886655
1886657
1886659
1886666
1886668
1886670
1886672
1893299
1893311
1893314
1893317
1893319
1893322
1893323
1893324
1893327
1893329
1893330
1893331
1893332
1893336
1893339
1893341
1893345
1893347
1893349
1893353
1893357
1893358
1893361
1893362
1893363
1893366
1893368
1893370
1893372
1893373
1893377
1901763
1901767
1901769
1901774
1920997
1920999
1921000
1921001
1921005
1921007
1921009
1921011
1921020
1921023
1921025
1921027
1921029
1921030
1921031
1921037
1921039
1928613
1928615
1928617
1928619
1928621
1928623
1928628
1928631
1928637
1928639
1928641
1928643
1928655
1928657
1928661
1928663
1928666
1928671
1931163
1931171
1931173
1931177
1931179
1931181
1931189
1939194
1939196
1939199
1939202
1939221
1939222
1939223
1939224
1939225
1939226
1939227
1939228
1939229
1939230
1939231
1952751
1952753
1952757
1952759
1952761
1952765
1952767
1952770
1952773
1952776
1952779
1952781
1952786
1952788
1952790
1952802
1952806
1952808
1952810
1952813
1952817
1952819
1952821
1952824
1952827
1952830
1952832
1952833
1952835
1952868
1952881
1952883
1952885
1952887
1952889
1952891
1952893
1952895
1952897
1952899
1952909
1952962
1952964
1952966
1952968
1952970
1955510
1955516
1955519
1955521
1955523
1955527
1955531
1955539
1955541
1955646
1957667
1957675
1957677
1957679
1957681
1957683
1957685
1963664
1963676
1963678
1987354
1987356
1987358
1987360
1987364
1992785
1992786
1992787
1992788
1992789
1992795
1992797
1992799
1992800
1992801
1992804
1992805
1992806
1992807
1992808
1992809
1992841
1992871
1992873
1992876
1992889
1992896
1992898
1992903
1992905
1992907
1992909
1992911
1992951
1992953
1992955
1992958
1992960
1992962
1992966
1993005
1993007
1993009
1993011
1993019
1993027
1993034
1993036
1993038
1993042
1993045
1993047
1993049
1993053
1993055
1993058
1993060
1993071
1993166
2002028
2002030
2002035
2007713
2007715
2007718
2007730
2007955
2007957
2007959
2007961
2007990
2008023
2008025
2008027
2008030
2008034
2008042
2025975
2034342
2034372
2034495
2034497
2034499
2034502
2036692
2036693
2036695
2036697
2036749
2036751
2036754
2036756
2036758
2036780
2036782
2036787
2036788
2036791
2036792
2036796
2036801
2036805
2036806
2036810
2036811
2036818
2036821
2036823
2036826
2036828
2036830
2036832
2036836
2036837
2036838
2036839
2036840
2036841
2036842
2036843
2036847
2036849
2036851
2036854
2036856
2036858
2036860
2036861
2036862
2036863
2036864
2036865
2036866
2036870
2036872
2036873
2036877
2036878
2036879
2036880
2036881
2036882
2036883
2036884
2036885
2041220
2041222
2041230
2041232
2041234
2041236
2041238
2041240
2055718
2055730
2055733
2055737
2055738
2055739
2055740
2055741
2055749
2055751
2055752
2055755
2055757
2055761
2055763
2055774
2055776
2055782
2063501
2063508
2063512
2063517
2070545
2070548
2070550
2070715
2070722
2071699
2071701
2071704
2071706
2071707
2071708
2071712
2071717
2071722
2071724
2071727
2071729
2071730
2071731
2071735
2071737
2071738
2079661
2079681
2079684
2079691
2079693
2079697
2079717
2079719
2079737
2079739
2079741
2079747
2079750
2079752
2079754
2079759
2079761
2079792
2079796
2079798
2079800
2079808
2079810
2079817
2079821
2079823
2079825
2079859
2079861
2079869
2079871
2079873
2079887
2086674
2086676
2086678
2086680
2086682
2086684
2086688
2086692
2086694
2086698
2086703
2091440
2091445
2091447
2091489
2091518
2091520
2091524
2098114
2098129
2098130
2098133
2098134
2098135
2098136
2098137
2098138
2098139
2098144
2098145
2098146
2098147
2098148
2098152
2098154
2098155
2098156
2098157
2098162
2098173
2098175
2098177
2098180
2098182
2098185
2098187
2098189
2098191
2098193
2098196
2098201
2098205
2098211
2098238
2124386
2124388
2124391
2124394
2124396
2124414
2124416
2124418
2124421
2124423
2124425
2124427
2124429
2128693
2128695
2128699
2128702
2128704
2128706
2128708
2128711
2128713
2128716
2132551
2132553
2132555
2132557
2132566
2132573
2132614
2137394
2137396
2137404
2137407
2137409
2137415
2137416
2137417
2137418
2137419
2137420
2137421
2137422
2137423
2137424
2137425
2137426
2137427
2137428
2137430
2137431
2137432
2137433
2137434
2137437
2137439
2137441
2137446
2137448
2137451
2137455
2137457
2137459
2137466
2137471
2137474
2137477
2137478
2137479
2137480
2137481
2137483
2137485
2137492
2137494
2137496
2137498
2137500
2137501
2137502
2137504
2137505
2137506
2137509
2137511
2141871
2141882
2141885
2141928
2141930
2141940
2141946
2141948
2146367
2146369
2146371
2146373
2146375
2146377
2146383
2146390
2146396
2146402
2146404
2146409
2146412
2146414
2146426
2146430
2146432
2146434
2149270
2149275
2149279
2149281
2149288
2149291
2149294
2149296
2149298
2149305
2149307
2149309
2149311
2151550
2151553
2151555
2151557
2151561
2151563
2151565
2151568
2151574
2152108
2152117
2152135
2152160
2156689
2156692
2156696
2156698
2156702
2156705
2156714
2156720
2156724
2156726
2156740
2164458
2165374
2165377
2165380
2165385
2165388
2165394
2165398
2165400
2165402
2165404
2165406
2165409
2165411
2165413
2165415
2165772
2165959
2165963
2165967
2165973
2165975
2165979
2165982
2165984
2165994
2165999
2166001
2166008
2166016
2166035
2166037
2166051
2166053
2166065
2166078
2166209
2166220
2166222
2166226
2166228
2166236
2166247
2166255
2166257
2170583
2170594
2170598
2170600
2170603
2170605
2170607
2170609
2170795
2170799
2170801
2170810
2175930
2175935
2175937
2175939
2175948
2175955
2175959
2175970
2175989
2176025
2176071
2181470
2181472
2182238
2186742
2186745
2186748
2191765
2191767
2191769
2191775
2191777
2191779
2191781
2191784
2191786
2191792
2191794
2191796
2191798
2191800
2191802
2191807
2191809
2191813
2191815
2191817
2191823
2191826
2191830
2191854
2191942
2191974
2191987
2191991
2192002
2192803
2192807
2192812
2192814
2192822
2192824
2192833
2192835
2192837
2192839
2192845
2192848
2192850
2192853
2192855
2192857
2192859
2192861
2192865
2192989
2193171
2193174
2193177
2193179
2193181
2193183
2204986
2204988
2204990
2204992
2204998
2205000
2205002
2205005
2205007
2205012
2205121
2205123
2205489
2205491
2209504
2209509
2209511
2209524
2209532
2209534
2209537
2209539
2209581
2209583
2213334
2213341
2213345
2213351
2213353
2213359
2213365
2213379
2213383
2213396
2213398
2213403
2213409
2213415
2213417
2213419
2213421
2213424
2213426
2213428
2213430
2213433
2213442
2213444
2216406
2216408
2216410
2216412
2216414
2216423
2216426
2216432
2216494
2216496
2216505
2216507
2216512
2216514
2216557
2216574
2216576
2216623
2217717
2217723
2217729
2217732
2217734
2217737
2217745
2217757
2217761
2217765
2217769
2217771
2217773
2217781
2217784
2217791
2217795
2217797
2217799
2217804
2217806
2217814
2217818
2217820
2217822
2217824
2217827
2217836
2217847
2217854
2217856
2217859
2217863
2217865
2217868
2217870
2217873
2217885
2217887
2217898
2217900
2217902
2218653
2218655
2220503
2220506
2222514
2222528
2222534
2222550
2222553
2222559
2222564
2222567
2230098
2230100
2230116
2230125
2233617
2233620
2233628
2233630
2233633
2233643
2233650
2233652
2233654
2233657
2233660
2233663
2235678
2235680
2235682
2235684
2235693
2235699
2235702
2235704
2235706
2235717
2235719
2235722
2235725
2235727
2235729
2235731
2235733
2235736
2235738
2235744
2235752
2235759
2235761
2236679
2236864
2236867
2236872
2236883
2236887
2236890
2236895
2236899
2236901
2236904
2236906
2236908
2236912
2236915
2236917
2236923
2236926
2236929
2236933
2236938
2236945
2236947
2236952
2236954
2236957
2236962
2236971
2236979
2236981
2238729
2238731
2238734
2238736
2238738
2254086
2254088
2254090
2254092
2254100
2254102
2254107
2265616
2274226
2274228
2274230
2274233
2274238
2274240
2274244
2274246
2274248
2274274
2274276
2274709
2290201
2290237
2290240
2290245
2290247
2290250
2290254
2290256
2290258
2290260
2290262
2290264
2290266
2290268
2297069
2297073
2297075
2297602
2297611
2298379
2298388
2298391
2298393
2298396
2298398
2298406
2298456
2298458
2298460
2298462
2298464
2298466
2298470
2298474
2298476
2298480
2298482
2298485
2298487
2298497
2298499
2298503
2302788
2302792
2302794
2302796
2302798
2302800
2302802
2302804
2302806
2302808
2302834
2302858
2302860
2302873
2302905
2302907
2302912
2302914
2302916
2302918
2302922
2302925
2302929
2318912
2318924
2318926
2318932
2318945
2318947
2318963
2318978
2318980
2318983
2318996
2319002
2319004
2319006
2319008
2319011
2321695
2325373
2325375
2325383
2325386
2325390
2325393
2325561
2327559
2327561
2332900
2336343
2336348
2336358
2336360
2336370
2336388
2336405
2336408
2336410
2336413
2336415
2336417
2340647
2342038
2342722
2342942
2352133
2352136
2352167
2354060
2354063
2354079
2354087
2354635
2354654
2354657
2354660
2354670
2354672
2356461
2356465
2356473
2356477
2356595
2361768
2363309
2370517
2372088
2372130
2372132
2372135
2372146
2372151
2372153
2372155
2372158
2372163
2372165
2372167
2372169
2372171
2372173
2372176
2375286
2375291
2375294
2375296
2375310
2375312
2375318
2381157
2386977
2387385
2393244
2393249
2393251
2398278
2398527
2398550
2398728
2398730
2398735
2398742
2398744
2398746
2398748
2398751
2398756
2398758
2398760
2398762
2398764
2401015
2401023
2401034
2401040
2401044
2401056
2401058
2401077
2401084
2401086
2401088
2402066
2402078
2407300
2407573
2407575
2407579
2407588
2411861
2411864
2411866
2413003
2413681
2413685
2413687
2416625
2416628
2416632
2416635
2416637
2416640
2416650
2416652
2416654
2416656
2416660
2416670
2416672
2416675
2416683
2416687
2416689
2417107
2417127
2417131
2417143
2417147
2417158
2417168
2417171
2417174
2417179
2417183
2417187
2417192
2417197
2417200
2417203
2417206
2417208
2417210
2417213
2417218
2417220
2417225
2417228
2417230
2417233
2417235
2417237
2417239
2417244
2417247
2417253
2417255
2417311
2417314
2417317
2417347
2417349
2417353
2417363
2417367
2417369
2417371
2417373
2417382
2417384
2417386
2417391
2417393
2417395
2417398
2417400
2417403
2417410
2417412
2417416
2417419
2417426
2417428
2417430
2417433
2417438
2417446
2417448
2417451
2417493
2417879
2422821
2422829
2422832
2423382
2423384
2423417
2423419
2423421
2423423
2423425
2423427
2423438
2423441
2423444
2423446
2423448
2423451
2423453
2423455
2423458
2423463
2423469
2426798
2426800
2426825
2433305
2433313
2433316
2433323
2433327
2433329
2433332
2433339
2433346
2433348
2433351
2433355
2433359
2433361
2443318
2443320
2443322
2443324
2443330
2446351
2446354
2460904
2460922
2464873
2464876
2464878
2464880
2464884
2464886
2464888
2464891
2464897
2465431
2465440
2465458
2465483
2470010
2470013
2470017
2470019
2470023
2470026
2470035
2470041
2470045
2470047
2470061
2477774
2478690
2478693
2478696
2478701
2478704
2478710
2478714
2478716
2478718
2478720
2478722
2478725
2478727
2478729
2478731
2479088
2479275
2479283
2479289
2479291
2479295
2479298
2479300
2479310
2479315
2479317
2479324
2479332
2479351
2479353
2479367
2479369
2479381
2479394
2479525
2479536
2479538
2479542
2479544
2479552
2479563
2479571
2479573
2483899
2483910
2483914
2483916
2483919
2483921
2483923
2483925
2484111
2484115
2484117
2484126
2489245
2489250
2489252
2489254
2489263
2489270
2489274
2489285
2489304
2489340
2489386
2494783
2494785
2495550
2500054
2500057
2500060
2505077
2505079
2505081
2505087
2505089
2505091
2505093
2505096
2505098
2505104
2505106
2505108
2505110
2505112
2505114
2505119
2505121
2505125
2505127
2505129
2505135
2505138
2505142
2505166
2505254
2505299
2505303
2505314
2506115
2506119
2506124
2506126
2506134
2506136
2506145
2506147
2506149
2506151
2506157
2506160
2506162
2506165
2506167
2506169
2506171
2506173
2506177
2506301
2506483
2506486
2506489
2506491
2506493
2506495
2518298
2518300
2518302
2518304
2518310
2518312
2518314
2518317
2518319
2518324
2518433
2518435
2518801
2518803
2522815
2522820
2522835
2522843
2522845
2522848
2522850
2522892
2522894
2526645
2526652
2526656
2526662
2526664
2526670
2526676
2526690
2526694
2526707
2526709
2526714
2526720
2526726
2526728
2526730
2526732
2526735
2526737
2526739
2526741
2526744
2526753
2526755
2529716
2529718
2529720
2529722
2529724
2529733
2529736
2529742
2529804
2529806
2529817
2529822
2529824
2529867
2529884
2529886
2529933
2531026
2531032
2531038
2531041
2531043
2531046
2531054
2531066
2531070
2531074
2531078
2531080
2531082
2531090
2531093
2531100
2531104
2531106
2531108
2531113
2531115
2531123
2531127
2531129
2531131
2531133
2531136
2531145
2531156
2531163
2531165
2531168
2531172
2531174
2531177
2531179
2531182
2531194
2531196
2531207
2531209
2531211
2531962
2531964
2533812
2533815
2535822
2535836
2535842
2535858
2535861
2535867
2535872
2535875
2543405
2543407
2543423
2543432
2546924
2546927
2546935
2546937
2546940
2546950
2546957
2546959
2546961
2546964
2546967
2546970
2548985
2548987
2548989
2548991
2549000
2549006
2549009
2549011
2549013
2549024
2549026
2549029
2549032
2549034
2549036
2549038
2549040
2549043
2549045
2549051
2549059
2549066
2549068
2549986
2550171
2550174
2550179
2550190
2550194
2550197
2550202
2550206
2550208
2550211
2550213
2550215
2550219
2550222
2550224
2550230
2550233
2550236
2550240
2550245
2550252
2550254
2550259
2550261
2550264
2550269
2550278
2550286
2550288
2552036
2552038
2552041
2552043
2552045
2567386
2567388
2567390
2567392
2567400
2567402
2567407
2578916
2587521
2587523
2587525
2587528
2587533
2587535
2587539
2587541
2587543
2587569
2587571
2588004
2603496
2603532
2603535
2603540
2603542
2603545
2603549
2603551
2603553
2603555
2603557
2603559
2603561
2603563
2610364
2610368
2610370
2610897
2610906
2611673
2611682
2611685
2611690
2611692
2611700
2611748
2611750
2611752
2611754
2611756
2611758
2611762
2611766
2611768
2611772
2611774
2611777
2611779
2611789
2611791
2611795
2616077
2616081
2616083
2616085
2616087
2616089
2616091
2616093
2616095
2616097
2616123
2616147
2616149
2616162
2616194
2616196
2616201
2616203
2616205
2616207
2616211
2616214
2616218
2632201
2632213
2632221
2632234
2632236
2632252
2632267
2632269
2632272
2632285
2632291
2632293
2632295
2632297
2632300
2634983
2638656
2638658
2638666
2638669
2638673
2638676
2638844
2640842
2640844
2646184
2649626
2649631
2649641
2649643
2649653
2649671
2649688
2649691
2649693
2649696
2649698
2649700
2653929
2655318
2656002
2656222
2665410
2665413
2665444
2667337
2667340
2667356
2667364
2667912
2667931
2667934
2667937
2667947
2667949
2669737
2669741
2669749
2669753
2669871
2675040
2676581
2683788
2685359
2685401
2685403
2685406
2685417
2685422
2685424
2685426
2685429
2685434
2685436
2685438
2685440
2685442
2685444
2685447
2688553
2688558
2688561
2688563
2688577
2688579
2688585
2694421
2700233
2700641
2706499
2706504
2706506
2711532
2711781
2711982
2711984
2711989
2711996
2711998
2712000
2712002
2712005
2712010
2712012
2712014
2712016
2712018
2714267
2714275
2714286
2714292
2714296
2714308
2714310
2714329
2714336
2714338
2714340
2715318
2715330
2720545
2720818
2720820
2720824
2720833
2725106
2725109
2725111
2726248
2726925
2726929
2726931
2729867
2729870
2729874
2729877
2729879
2729882
2729892
2729894
2729896
2729898
2729902
2729912
2729914
2729917
2729925
2729929
2729931
2730349
2730369
2730373
2730385
2730389
2730400
2730413
2730416
2730421
2730425
2730429
2730434
2730439
2730442
2730445
2730448
2730450
2730452
2730455
2730460
2730462
2730467
2730470
2730472
2730475
2730477
2730479
2730481
2730486
2730489
2730495
2730497
2730553
2730556
2730559
2730589
2730591
2730595
2730605
2730609
2730611
2730613
2730615
2730624
2730626
2730628
2730633
2730635
2730637
2730640
2730642
2730645
2730652
2730654
2730656
2730658
2730661
2730668
2730670
2730672
2730675
2730680
2730688
2730690
2730693
2730735
2731121
2736060
2736068
2736071
2736620
2736622
2736655
2736657
2736659
2736661
2736663
2736665
2736676
2736679
2736682
2736684
2736686
2736689
2736691
2736693
2736696
2736701
2736707
2740035
2740037
2740062
2746540
2746548
2746551
2746558
2746562
2746564
2746567
2746574
2746581
2746583
2746586
2746590
2746594
2746596
2756546
2756548
2756550
2756552
2756558
2759578
2759581
2774125
2774143
2778094
2778097
2778099
2778101
2778105
2778107
2778109
2778112
2778118
2778652
2778661
2778679
2778704
2783231
2783234
2783238
2783240
2783244
2783247
2783256
2783262
2783266
2783268
2783282
2790995
2791911
2791914
2791917
2791922
2791925
2791931
2791935
2791937
2791939
2791941
2791943
2791946
2791948
2791950
2791952
2792309
2792496
2792504
2792510
2792512
2792516
2792519
2792521
2792531
2792536
2792538
2792545
2792553
2792572
2792574
2792588
2792590
2792602
2792615
2792746
2792757
2792759
2792763
2792765
2792773
2792784
2792792
2792794
2797120
2797131
2797135
2797137
2797140
2797142
2797144
2797146
2797332
2797336
2797338
2797347
2802466
2802471
2802473
2802475
2802484
2802491
2802495
2802506
2802525
2802561
2802607
2808004
2808006
2808771
2813275
2813278
2813281
2818298
2818300
2818302
2818308
2818310
2818312
2818314
2818317
2818319
2818325
2818327
2818329
2818331
2818333
2818335
2818340
2818342
2818346
2818348
2818350
2818356
2818359
2818363
2818387
2818475
2818520
2818524
2818535
2819336
2819340
2819345
2819347
2819355
2819357
2819366
2819368
2819370
2819372
2819378
2819381
2819383
2819386
2819388
2819390
2819392
2819394
2819398
2819522
2819704
2819707
2819710
2819712
2819714
2819716
2831519
2831521
2831523
2831525
2831531
2831533
2831535
2831538
2831540
2831545
2831654
2831656
2832022
2832024
2836036
2836041
2836056
2836064
2836066
2836069
2836071
2836113
2836115
2839866
2839873
2839877
2839883
2839885
2839891
2839897
2839911
2839915
2839928
2839930
2839935
2839941
2839947
2839949
2839951
2839953
2839956
2839958
2839960
2839962
2839965
2839974
2839976
2842937
2842939
2842941
2842943
2842945
2842954
2842957
2842963
2843025
2843027
2843038
2843043
2843045
2843088
2843105
2843107
2843154
2844247
2844253
2844259
2844262
2844264
2844267
2844275
2844287
2844291
2844295
2844299
2844301
2844303
2844311
2844314
2844321
2844325
2844327
2844329
2844334
2844336
2844344
2844348
2844350
2844352
2844354
2844357
2844366
2844377
2844384
2844386
2844389
2844393
2844395
2844398
2844400
2844403
2844415
2844417
2844428
2844430
2844432
2845183
2845185
2847033
2847036
2849043
2849057
2849063
2849079
2849082
2849088
2849093
2849096
2856626
2856628
2856644
2856653
2860145
2860148
2860156
2860158
2860161
2860171
2860178
2860180
2860182
2860185
2860188
2860191
2862206
2862208
2862210
2862212
2862221
2862227
2862230
2862232
2862234
2862245
2862247
2862250
2862253
2862255
2862257
2862259
2862261
2862264
2862266
2862272
2862280
2862287
2862289
2863207
2863392
2863395
2863400
2863411
2863415
2863418
2863423
2863427
2863429
2863432
2863434
2863436
2863440
2863443
2863445
2863451
2863454
2863457
2863461
2863466
2863473
2863475
2863480
2863482
2863485
2863490
2863499
2863507
2863509
2865257
2865259
2865262
2865264
2865266
2880607
2880609
2880611
2880613
2880621
2880623
2880628
2892137
2900742
2900744
2900746
2900749
2900754
2900756
2900760
2900762
2900764
2900790
2900792
2901225
2916717
2916753
2916756
2916761
2916763
2916766
2916770
2916772
2916774
2916776
2916778
2916780
2916782
2916784
2923585
2923589
2923591
2924118
2924127
2924894
2924903
2924906
2924911
2924913
2924969
2924971
2924973
2924975
2924977
2924979
2924983
2924987
2924989
2924993
2924995
2924998
2925000
2925010
2925012
2925016
2929298
2929302
2929304
2929306
2929308
2929310
2929312
2929314
2929316
2929318
2929344
2929368
2929370
2929383
2929415
2929417
2929422
2929424
2929426
2929428
2929432
2929435
2929439
2945422
2945434
2945442
2945455
2945457
2945473
2945488
2945490
2945493
2945506
2945512
2945514
2945516
2945518
2945521
2948204
2951877
2951879
2951887
2951890
2951894
2951897
2952065
2958520
2961962
2961967
2961977
2961979
2961989
2962007
2962024
2962027
2962029
2962032
2962034
2962036
2966265
2967654
2968338
2968558
2977746
2977749
2977780
2979673
2979676
2979692
2979700
2980248
2980267
2980270
2980273
2980283
2980285
2982073
2982077
2982085
2982089
2982207
2987376
2988917
2996124
2997695
2997737
2997739
2997742
2997753
2997758
2997760
2997762
2997765
2997770
2997772
2997774
2997776
2997778
2997780
2997783
3000889
3000894
3000897
3000899
3000913
3000915
3000921
3006757
3012569
3012977
3018835
3018840
3018842
3023868
3024117
3024318
3024320
3024325
3024332
3024334
3024336
3024338
3024341
3024346
3024348
3024350
3024352
3024354
3026603
3026611
3026622
3026628
3026632
3026644
3026646
3026665
3026672
3026674
3026676
3027654
3027666
3032881
3033154
3033156
3033160
3033169
3037442
3037445
3037447
3038584
3039261
3039265
3039267
3042203
3042206
3042210
3042213
3042215
3042218
3042228
3042230
3042232
3042234
3042238
3042248
3042250
3042253
3042261
3042265
3042267
3042685
3042705
3042709
3042721
3042725
3042736
3042749
3042752
3042757
3042761
3042765
3042770
3042775
3042778
3042781
3042784
3042786
3042788
3042791
3042796
3042798
3042803
3042806
3042808
3042811
3042813
3042815
3042817
3042822
3042825
3042831
3042833
3042889
3042892
3042895
3042925
3042927
3042931
3042941
3042945
3042947
3042949
3042951
3042960
3042962
3042964
3042969
3042971
3042973
3042976
3042978
3042981
3042988
3042990
3042992
3042994
3042997
3043004
3043006
3043008
3043011
3043016
3043024
3043026
3043029
3043071
3043457
3048396
3048404
3048407
3048956
3048958
3048991
3048993
3048995
3048997
3048999
3049001
3049012
3049015
3049018
3049020
3049022
3049025
3049027
3049029
3049032
3049037
3049043
3052371
3052373
3052398
3058876
3058884
3058887
3058894
3058898
3058900
3058903
3058910
3058917
3058919
3058922
3058926
3058930
3058932
3068882
3068884
3068886
3068888
3068894
3071914
3071917
3086461
3086479
3088943
3088945
3100451
3103089
3103092
3103094
3103097
3103105
3103109
3103503
3104321
3104323
3104326
3104330
3104332
3104335
3104337
3104339
3114453
3117115
3123516
3125370
3125372
3125374
3125381
3125386
3125388
3125391
3129473
3152484
3153650
3154502
3158364
3158369
3158829
3160024
3181454
3181462
3181469
3181472
3181483
3181486
3181494
3181496
3181502
3181536
3181540
3181553
3181558
3181561
3181564
3181569
3181571
3181574
3181576
3181578
3181588
3181591
3181605
3181610
3181612
3181615
3181619
3181622
3181628
3181633
3181635
3181638
3181640
3181645
3181650
3181661
3183290
3185879
3185881
3185883
3185885
3185894
3185899
3185902
3185904
3185909
3185911
3185914
3185917
3185924
3185927
3185932
3185934
3185943
3185946
3185948
3185953
3185955
3185959
3185963
3185967
3185970
3185974
3185995
3186001
3186003
3186005
3186010
3186014
3186016
3186021
3186024
3186544
3186546
3186593
3186595
3186628
3192695
3194626
3202282
3202707
3202716
3202719
3209439
3215225
3218204
3218207
3218209
3218219
3218221
3218234
3218237
3218241
3218243
3218250
3218260
3218263
3218265
3218287
3218289
3218291
3218293
3221816
3222929
3223186
3223188
3223191
3223195
3223197
3223199
3223202
3223210
3223213
3223217
3223241
3223245
3223255
3223260
3223263
3223270
3223273
3223275
3223278
3229000
3229002
3229004
3231777
3231779
3231781
3231905
3231908
3231923
3231925
3231927
3231929
3231931
3231933
3231947
3231976
3231994
3232006
3232011
3232014
3243724
3243726
3243729
3243732
3243736
3243738
3243741
3243744
3243747
3243754
3243758
3243770
3243776
3243804
3243811
3265438
3269894
3285498
3285501
3285520
3285528
3285541
3294165
3294167
3294181
3294190
3307923
3314334
3314336
3314351
3314383
3314386
3314393
3314395
3314399
3314402
3314404
3314422
3314426
3314440
3314443
3314454
3314458
3314464
3314466
3314468
3314479
3314484
3314487
3314493
3314495
3314497
3314499
3314501
3314506
3314509
3314512
3314668
3314678
3314683
3315613
3315615
3315619
3315622
3315624
3315632
3315634
3315636
3315646
3315648
3315651
3315654
3315657
3315660
3315664
3315666
3315668
3315671
3315674
3315679
3315681
3315683
3315698
3315699
3315704
3315706
3316915
3328353
3328380
3328383
3328400
3328420
3328429
3328432
3328437
3328440
3328443
3328450
3328452
3328454
3328456
3328458
3328460
3328465
3328467
3328472
3328474
3328476
3328478
3328480
3328499
3328504
3328507
3328510
3328512
3328514
3328516
3328521
3328523
3328533
3328566
3328572
3328577
3328590
3328630
3328632
3328634
3328636
3328640
3328642
3328644
3328647
3329294
3331410
3334578
3335308
3335310
3335314
3335317
3335319
3335327
3335329
3335341
3335343
3335346
3335349
3335352
3335355
3335359
3335361
3335363
3335366
3335369
3335374
3335376
3335378
3335393
3335394
3335399
3335401
3336610
3348048
3348075
3348078
3348095
3348115
3348124
3348127
3348132
3348135
3348138
3348145
3348147
3348149
3348151
3348153
3348155
3348160
3348162
3348167
3348169
3348171
3348173
3348175
3348194
3348199
3348202
3348205
3348207
3348209
3348211
3348216
3348218
3348228
3348261
3348267
3348272
3348285
3348325
3348327
3348329
3348331
3348335
3348337
3348339
3348342
3348989
3351105
3354273
