589211
620925
739851
824809
824857
824872
824879
824883
824886
824889
824892
824893
855095
859352
859354
859356
859357
871429
871430
873323
883597
895970
896498
905535
905540
945552
950520
1024305
1024314
1024460
1069399
1255606
1258764
1269892
1302297
1302309
1308347
1308348
1322602
1322603
1322604
1323562
1326959
1334712
1352019
1359266
1359608
1361425
1361434
1362214
1370707
1378458
1378461
1418235
1418238
1418243
1419620
1419622
1419624
1419626
1419630
1438041
1438059
1469779
1490824
1498000
1529330
1529344
1533019
1544075
1544077
1544120
