1630445
1651109
1656950
1670603
1671451
1673664
1675219
1675713
1675878
1676314
1676316
1677901
1678993
1678994
1680160
1681358
1684122
1684138
1684140
1684156
1685444
1685896
1697478
1697564
1698205
1698362
1698463
1701478
1701479
1707493
1712188
1718501
1718504
1718767
1727818
1727820
1731908
1732438
1734159
1734160
1734161
1734162
1734379
1734381
1734382
1735077
1735815
1736306
1736313
1739075
1740416
1741618
1741828
1742658
1742660
1742710
1742742
1742749
1742771
1743204
1743414
1743416
1743430
1743443
1752984
1753138
1754461
1756259
1756996
1759925
1767583
1770356
1771222
1771617
1773590
1773638
1773642
1777957
1780231
1782098
1782102
1782140
1792268
1792463
1792467
1800669
1838070
1838072
1843788
1844048
1844389
1847778
1849254
1849264
