583205
583207
583445
583447
584408
585049
585051
590735
590739
590741
590742
590744
590750
596277
596571
599693
600422
602611
602613
602617
603155
603157
603159
603160
603630
603632
603634
603635
604730
604910
604911
604912
604913
604958
605138
605139
605143
605146
605151
605154
605169
605249
605250
606532
607717
609487
609490
609641
609654
609656
609658
609674
609681
609682
609694
609695
609835
609837
611406
611410
614973
615003
615019
615021
615023
615025
615033
615036
615295
615797
615809
617769
618486
618488
619778
620161
620845
620876
620877
620878
622146
622148
622673
622675
623838
624064
624065
624067
624069
624071
624073
624080
624085
625241
625243
625245
625247
625532
625533
625719
625721
625741
626729
626739
627064
627074
628971
629595
629597
632768
632770
632771
632772
632773
632775
632777
632779
632781
632783
632785
632787
634398
634405
634431
634485
638417
638847
639510
639985
639993
639997
640000
640006
640014
640243
640280
640313
640314
640315
640316
640507
640631
640658
640659
643301
643313
643329
643332
643334
643681
643751
643764
643795
643805
643807
649221
649227
650550
651353
651899
651904
651915
651980
652006
652008
652011
652013
652014
652385
652396
653481
656153
656317
656320
656358
656361
656370
656371
656395
656401
657183
658364
662105
662146
662161
662164
662166
662168
662187
662188
662190
662198
662200
662441
662469
662473
662483
662542
662635
662636
663174
663229
663232
663234
663236
663255
663256
663258
663266
663669
663675
663705
664303
664337
665612
665622
665654
665667
667002
667160
667678
669408
669458
670335
670336
670339
670340
670342
670758
670814
670964
671793
672382
672660
673013
673211
673677
676052
676054
676079
676081
676084
676085
676087
679936
680018
680131
680441
681155
681431
681514
681515
681518
681523
681813
682300
682803
683872
683874
683891
684859
684862
684863
684865
684867
685225
685246
685284
685329
686907
686934
686962
687101
687103
687105
687106
687107
687108
687110
688713
688716
688743
688747
688751
688753
688921
688923
688925
688928
689136
689140
689144
689146
690990
693836
700126
700138
700140
700143
700180
700182
700192
700216
700284
700702
701081
701418
701420
701470
701497
701650
701659
701680
701681
703236
703243
703726
703728
703737
703739
703746
703778
704084
704624
705298
706001
706003
706299
706933
707695
707697
707698
707700
707702
707704
707705
707834
707877
707878
707880
707882
707991
708281
708283
709216
712098
713089
713105
714214
714616
714936
715455
715456
715458
715460
715466
718612
718616
719949
719956
722328
722329
722330
722844
722849
722857
722985
722987
723071
723114
723130
723131
723133
723136
723159
723162
723163
723281
723283
723292
723294
723295
723454
723455
723456
723653
723655
723981
724023
724076
724271
724296
724297
724298
724299
724301
724302
724303
724304
724305
724307
724308
724309
724311
724312
724314
724316
724318
726095
727659
727663
729938
730200
733580
733761
733775
733785
733788
734548
735296
735298
735300
735302
736032
736306
736308
736317
736319
736629
739441
739443
739732
739734
743256
743536
746237
756242
757324
758838
759650
759951
759953
760885
761319
769173
769712
769821
771098
771099
771100
771101
771117
771119
771122
772173
772952
772960
772962
772964
772966
772967
772968
772969
772984
775266
775268
778382
779251
779253
779389
779391
779396
779400
779403
779422
779583
779585
782619
782620
782621
782623
782625
782627
782629
782631
782633
782635
782637
782638
782641
782642
782643
782644
782646
782648
782649
782650
782652
782654
782655
782657
782658
782660
782663
782668
782669
782672
782674
782678
782683
782686
782688
782690
782692
783744
783846
784117
786426
786943
789142
790765
790767
790769
790772
790774
790776
790777
790779
790781
795554
795866
795869
795871
795872
795873
795874
796229
796271
796273
796275
796277
796279
796281
796282
796283
796291
798035
798038
798042
798044
798046
798047
798050
798056
798058
798060
798064
798066
798067
798069
798071
798072
798074
798076
798080
798082
798083
798085
798088
798090
798092
798095
798097
798100
798103
798117
798125
798127
798129
798134
798140
798142
798145
798147
798190
798534
798870
799256
799573
804272
808318
808431
808438
808443
808447
808454
808456
808458
808460
808466
808474
808477
808483
808515
808531
808533
808604
808660
808673
809052
809101
809114
811341
811342
811344
811492
811494
811496
811498
811818
811819
811821
811822
811824
811827
812164
812175
812177
812179
812182
812184
812185
812186
812189
812193
812209
812212
812221
812228
812229
812246
813976
813977
813979
813980
813982
813984
813986
813987
813989
813991
813992
813993
814001
814343
815989
816001
816002
816004
816005
816007
816008
816641
818806
818807
818808
818810
818812
818813
818815
818818
818820
819078
819079
819080
819082
819084
819085
819087
819090
819092
819233
820020
820023
820026
820033
820429
820458
820503
826659
826661
826663
826908
827168
827170
827172
828364
828416
830408
830410
830411
830414
831173
831633
832068
832075
832141
832163
832216
832225
832704
833013
833014
833019
833024
833034
833588
833894
833905
834135
834140
837247
838030
838045
838048
838050
838055
838057
838059
838062
838063
838064
838073
838423
838456
838575
839437
839662
845270
845727
845728
845812
846834
846835
846837
846840
846841
846849
848162
848163
848164
848364
848521
849189
849192
849201
849212
849415
849789
850460
850464
850672
850954
850997
851001
851002
851004
851008
851010
851012
851014
851016
851020
851021
851023
851025
852996
853006
853218
854007
854011
856045
856085
857622
857623
857625
857626
857627
857628
857629
857632
857634
857826
858461
858462
858464
858469
858472
858474
858475
858476
858478
858479
858481
858483
858484
858485
858487
859381
859585
859649
859651
859653
859655
859656
859658
859660
859661
859664
861646
861653
861665
861666
861668
861669
861671
861887
861888
861915
861923
861924
861926
861927
861928
861930
861931
861933
861934
861935
861937
861939
861941
862724
862726
862757
862760
862762
862764
862766
862768
862770
862772
862774
862777
862785
862799
862811
862813
862815
862817
862820
862822
862824
862826
862829
862831
862832
862833
862835
862838
862840
862844
862851
862853
862860
863800
863804
863806
863807
863809
863810
863811
863813
863815
863817
863819
863820
863822
863824
863825
863826
863828
863830
863832
863833
863835
863836
863837
863838
863840
863841
863842
863844
863846
863848
863854
863856
863858
863859
863860
863862
863864
864283
864285
864287
864288
864290
864292
864294
864296
864299
864301
864302
864303
864304
864306
864308
864311
864313
865749
865767
867235
867661
867663
867668
867669
867670
867671
867672
867673
867674
867675
867677
867678
867680
867681
867682
867683
869032
869039
870751
871683
871835
871839
872242
872251
872258
872261
872672
872673
873417
873420
873421
873423
873424
873425
873426
873428
873430
873455
873508
873515
873531
873535
873562
873565
873574
873579
873585
873587
873589
873601
873641
873642
873658
873660
873663
873665
873672
873674
873677
874188
874296
874315
874317
874319
874324
874720
874722
874728
874729
874732
874897
875321
875322
875324
875643
875901
876002
876675
876677
876679
876681
876685
877971
878071
880108
880110
881268
881269
881271
881272
881273
881274
881277
881278
881283
881285
881287
881288
881290
881303
881333
883141
883143
883145
883147
883148
883152
884194
884195
885077
885078
885080
885082
885085
885087
885088
885090
885092
885094
885095
885097
885111
887050
887056
887088
887089
887095
887346
888225
888227
888228
889624
889634
889636
891100
891276
891277
891279
891281
891282
891283
891284
891285
891287
892586
893033
893043
893046
893974
897126
897516
898676
898677
898679
898680
899999
900009
900097
900099
900107
901420
901424
901440
901685
903037
903057
903131
903133
903135
903137
903138
903139
903140
903142
903143
903148
905839
905847
906291
906294
906627
906636
906638
906654
906655
906657
906659
906661
906662
906663
906664
906666
906667
906669
906671
906672
906677
907347
907364
907930
907934
907936
907943
907945
907946
907948
907950
907952
907954
907955
907960
907961
907963
907965
907966
907969
907972
909454
909460
909465
909467
909472
909473
909475
909477
909480
909515
909548
909556
909616
909617
909618
909619
909621
909622
909624
909626
909627
909628
909630
909632
909634
909636
909638
909640
909643
910140
910141
910142
910144
910146
910148
910150
910151
910153
910155
910157
910159
910161
910163
910670
910998
911022
911024
911027
911067
911068
912036
912038
912068
913012
913014
913016
913017
913029
913206
913291
913292
913294
913296
913298
913300
913335
913341
914135
914559
914715
914719
915020
915021
915023
915025
915026
915028
915029
915032
915469
915471
915472
915474
915475
915477
915479
915481
915488
915489
915491
915492
915495
915498
915500
915501
915503
915689
916080
916099
916104
916128
916129
916130
916150
916163
916178
916179
916181
916182
916190
916193
916358
916367
916391
916466
916486
916495
916501
916502
916503
916504
917810
917812
917840
917843
917856
917881
917887
917890
917892
917894
917896
917913
917915
918439
919161
919162
919277
919291
919293
919302
919304
919306
919308
919329
919330
919331
919332
919333
919334
919335
919336
919338
919340
919346
919355
920000
920008
920017
920046
920417
920431
920495
920853
920854
920862
920864
920870
920873
920878
920879
920890
920910
920912
926339
926346
926933
926948
926950
926952
927132
928341
928345
928360
928361
928363
928370
929339
929404
929411
929415
929611
930064
930113
930162
930164
930166
930168
930176
930177
930186
932422
932467
932468
933340
933341
933342
933343
933344
935678
935920
935988
935990
936031
936072
937064
939485
940374
941338
941647
941648
942102
942104
942503
942524
942529
942531
942534
942570
942572
942573
942574
942575
942585
942587
942589
943502
944796
945162
945187
945599
945630
945632
947292
948455
948457
948458
948460
948461
948462
948463
948465
948466
948467
948469
948471
948561
948773
955249
955253
955637
955639
955798
955799
955801
955802
955803
955805
955806
955821
956471
956535
956538
956579
956753
956805
956809
956816
956818
956823
957889
957896
957898
957900
957901
957902
957903
957931
959268
959270
959272
959273
959274
960235
960254
960256
960258
960260
960262
960264
960266
960271
960273
960276
960295
960305
960307
960358
960768
960771
960773
960774
960775
960776
960778
961519
961822
962116
962127
962169
962170
962445
962455
964069
964074
964101
964125
964130
964136
964553
964578
964614
965439
965441
965442
965444
965445
965446
965448
965451
966435
966437
966608
966610
966630
966631
966633
966635
966636
966638
966639
966640
966642
966643
966647
966727
966969
966971
967407
967410
967412
971780
972349
972664
972837
973543
973545
973548
973551
973580
973581
973584
973586
973587
973589
973590
973591
973593
973594
973595
973596
973597
973599
973600
973601
973603
973606
973608
973610
973611
973726
973902
974660
974820
974826
974961
974963
974967
975781
975783
975786
975787
975789
975790
975792
975794
975795
978757
978759
978768
978770
978778
981778
981780
981808
982204
982206
982207
982208
986670
986671
986673
989826
989964
990511
990513
990514
990699
990718
990719
990720
990721
990722
991005
991007
991155
991157
991161
991162
991164
991165
991167
991750
991752
991773
991777
991839
991841
991843
991845
992571
992573
992614
992627
992631
992916
992920
992921
992922
992923
992924
992926
992927
992928
992929
993006
994689
994691
994693
994694
994700
995197
995199
995201
995203
997471
997473
997475
997477
997478
997479
997480
997481
997483
997487
997489
997513
997515
997517
997519
997520
997521
997523
998121
999522
999523
1001105
1001300
1001302
1001370
1001371
1001372
1002466
1004623
1004625
1004674
1004676
1004677
1004679
1004683
1004685
1004689
1004692
1004723
1004725
1004727
1004730
1004732
1006604
1006605
1006606
1006608
1006610
1006612
1009026
1009126
1011257
1011266
1013613
1013615
1013617
1013619
1013620
1013621
1013623
1013625
1013627
1013629
1013640
1013644
1013645
1013646
1013648
1014218
1014219
1014222
1015390
1015417
1015501
1015502
1015503
1015504
1015505
1015507
1015509
1015510
1015512
1015515
1015517
1015518
1015520
1015522
1015523
1015526
1015527
1015529
1015531
1015533
1015535
1015537
1015538
1015539
1015540
1015541
1015542
1021023
1021047
1021049
1021051
1021055
1021061
1021137
1021139
1021969
1021970
1021972
1023658
1023671
1025828
1025829
1025831
1025833
1027174
1027177
1027179
1027180
1027181
1027182
1027184
1027186
1027187
1027188
1027190
1027286
1027366
1027368
1027370
1027373
1027374
1027375
1027376
1027379
1027382
1027383
1027386
1027388
1027390
1027391
1027392
1027393
1027394
1027399
1028451
1028766
1028885
1028886
1028887
1028888
1028889
1028894
1028905
1029965
1029966
1029967
1029968
1029969
1029971
1029972
1029974
1029975
1029976
1029977
1029978
1029980
1029981
1030664
1030665
1030667
1030668
1031170
1031177
1031180
1031183
1031201
1031427
1031430
1031431
1031432
1031446
1031450
1032062
1032063
1032065
1032067
1032069
1032071
1032391
1032392
1032394
1032395
1032397
1032400
1032403
1032405
1032406
1032655
1032657
1032663
1032745
1035892
1035893
1035894
1035901
1035903
1037250
1037252
1037447
1037861
1037866
1037872
1038067
1038070
1038075
1038078
1038080
1038099
1038101
1038106
1038134
1040012
1040014
1040016
1040017
1040019
1040023
1040025
1040027
1040032
1041862
1041869
1042313
1042707
1042709
1042710
1042711
1042712
1042713
1042715
1042717
1042719
1042721
1042722
1044388
1044389
1044390
1044391
1044393
1044394
1044395
1044397
1044398
1044399
1045522
1045626
1045627
1045629
1045630
1045631
1045632
1045634
1045635
1045636
1045638
1045639
1045641
1045643
1047822
1047831
1047839
1047853
1047867
1047879
1047881
1047882
1047883
1047888
1047890
1047901
1048008
1048009
1048011
1048012
1048013
1048948
1048949
1048951
1048953
1048955
1049336
1049570
1049574
1049616
1049617
1049628
1049630
1049632
1049636
1049835
1050597
1050603
1050780
1050782
1050783
1050785
1050786
1050788
1050790
1050791
1050793
1050794
1050796
1051311
1051314
1051436
1051441
1051457
1052499
1052501
1052502
1052503
1052504
1052505
1052506
1052511
1053326
1053329
1053331
1053333
1053335
1053337
1053338
1053339
1054755
1054756
1054759
1054761
1054969
1054983
1055000
1055026
1055053
1055415
1055468
1055470
1055635
1055693
1055696
1055697
1055704
1055721
1055723
1055724
1055726
1055727
1055733
1055734
1055737
1056100
1056102
1056103
1056335
1056336
1056339
1056340
1056342
1056344
1056345
1056346
1056348
1056350
1056351
1056352
1056356
1056357
1056359
1056635
1056636
1056639
1056640
1056641
1056643
1056644
1056645
1058661
1059044
1059077
1059080
1059082
1059996
1060007
1060010
1060012
1060013
1060018
1060021
1060154
1060156
1060157
1060159
1060259
1060261
1060267
1060277
1061143
1062563
1062564
1062566
1067184
1067187
1067190
1067207
1067260
1067262
1067264
1067265
1067266
1067268
1067270
1067311
1067836
1067839
1067988
1068753
1070107
1070108
1070111
1070116
1070117
1070127
1071741
1071743
1071747
1071765
1071767
1071768
1071769
1071770
1071772
1071773
1071775
1071777
1071779
1071781
1071783
1076797
1076799
1076812
1076817
1076823
1076826
1076827
1076828
1076829
1076830
1076832
1076833
1076838
1077931
1077932
1077934
1077935
1077936
1077938
1077940
1077942
1077944
1078147
1078149
1078151
1078153
1078157
1078198
1078402
1078893
1078904
1078909
1078911
1078931
1078942
1078944
1078958
1078970
1079020
1079599
1079601
1079607
1080452
1080455
1080962
1080963
1080964
1083587
1083599
1083605
1083614
1084376
1084377
1084391
1084590
1084591
1084592
1084593
1084595
1084597
1084598
1084600
1084601
1084603
1084905
1085278
1085280
1085282
1085284
1085285
1085287
1085289
1085374
1085377
1085388
1085389
1085391
1085392
1085394
1086594
1086596
1086598
1086599
1086601
1086603
1086604
1086606
1086608
1086610
1086611
1086613
1086615
1086616
1086617
1086618
1086620
1086622
1086628
1087049
1087052
1087056
1087058
1087146
1087148
1087156
1087158
1087159
1087161
1087163
1087165
1087174
1087187
1087189
1087191
1087198
1087648
1087650
1087652
1087653
1087654
1087655
1087656
1087657
1087658
1087660
1087661
1087662
1087663
1087664
1087665
1087666
1087667
1087668
1087670
1087671
1087672
1087719
1087729
1087731
1088808
1088828
1091485
1093345
1093347
1093349
1093351
1093352
1093359
1093759
1093762
1093764
1093766
1093768
1093770
1093772
1093777
1093778
1093782
1093784
1094248
1094249
1094250
1094251
1094252
1094743
1095058
1095664
1095669
1095671
1095674
1095681
1095767
1095768
1096175
1096177
1096178
1096180
1096181
1096183
1096184
1096186
1096188
1096260
1096264
1096266
1096284
1098026
1098712
1098713
1098715
1098717
1101730
1101732
1101741
1102113
1102114
1102115
1102120
1102867
1102869
1102897
1102898
1103830
1103831
1103832
1103833
1103835
1103836
1103837
1103839
1103842
1103844
1103846
1103847
1103851
1103861
1104743
1104745
1104746
1104747
1104749
1104751
1104754
1104755
1104757
1104761
1106105
1106925
1106926
1106929
1106931
1107113
1107114
1107116
1107118
1107534
1107536
1107538
1107540
1107542
1107544
1107546
1109126
1109128
1109130
1109132
1109133
1109134
1109135
1109137
1109138
1109140
1110450
1110451
1110454
1110458
1111040
1112023
1112025
1112027
1112030
1112039
1112885
1112887
1112889
1112896
1113610
1113618
1113622
1113628
1113638
1113642
1113647
1113650
1113956
1116736
1117122
1118038
1118040
1118058
1118063
1118065
1118066
1118068
1118071
1119095
1119100
1119103
1119158
1119181
1119183
1119185
1119186
1119190
1119304
1119305
1119306
1120191
1120193
1120195
1120197
1120215
1120216
1120219
1121508
1121898
1123450
1127331
1127333
1127334
1127335
1127336
1127338
1127340
1127342
1127343
1127346
1127349
1127351
1127353
1127355
1127357
1127358
1127361
1127978
1128919
1128920
1128921
1128922
1128923
1128924
1128926
1128928
1128929
1128930
1128931
1128934
1128935
1132188
1132189
1132190
1132192
1132193
1132194
1132196
1132198
1132200
1132201
1132203
1132357
1132359
1132366
1133261
1133264
1135552
1135558
1135786
1135788
1135790
1135791
1135793
1135795
1135797
1135800
1135803
1135805
1135807
1135819
1135821
1135823
1137542
1137544
1137546
1137550
1137551
1137552
1137555
1137557
1137559
1137560
1137562
1138067
1138071
1138074
1138077
1138079
1138082
1138223
1138226
1138229
1138233
1138236
1138239
1138241
1138242
1138774
1138775
1141357
1141358
1141360
1141361
1141364
1141366
1141807
1141812
1141814
1141815
1141816
1141818
1141820
1141821
1141822
1141824
1141826
1141828
1141829
1141830
1141847
1141850
1141852
1141856
1141857
1142241
1142246
1142248
1142250
1143036
1143042
1143044
1143316
1143318
1143320
1146102
1149275
1149276
1149277
1152350
1152359
1152361
1152363
1152365
1152367
1152369
1152370
1152372
1152624
1152628
1152630
1152632
1152637
1152686
1152687
1152688
1153125
1153128
1153131
1153134
1153137
1153139
1153142
1153144
1153147
1153149
1153332
1153343
1153455
1153458
1153459
1153461
1153462
1153466
1153469
1153470
1153471
1153472
1153474
1153475
1153477
1153482
1154203
1154775
1154997
1155364
1155365
1155367
1155376
1155557
1155568
1155569
1155786
1155787
1155788
1155790
1155795
1155796
1155799
1155802
1155814
1157170
1157171
1157183
1158600
1158683
1159503
1159506
1159508
1159512
1159514
1159516
1159519
1159521
1159523
1159524
1159527
1159532
1159537
1159539
1159542
1159544
1159546
1159548
1159549
1159550
1159551
1159553
1159555
1159556
1159557
1159558
1159560
1159561
1159566
1159567
1159568
1159569
1159570
1159572
1159573
1159574
1159575
1159576
1159591
1160860
1160861
1160885
1160887
1160889
1160891
1160895
1160896
1160897
1160899
1160901
1161162
1161164
1161165
1161166
1161179
1161180
1162283
1162287
1162632
1162650
1162652
1162659
1162664
1162666
1162676
1162678
1162680
1163761
1163762
1163764
1163766
1163767
1163768
1163770
1163772
1163774
1163775
1163777
1163778
1163781
1164694
1164703
1164705
1164709
1164711
1164726
1164728
1164730
1164731
1164733
1164734
1164736
1164738
1164955
1164956
1164959
1164961
1164964
1164966
1164967
1165589
1166034
1166044
1166171
1166173
1166175
1166176
1166177
1166179
1166718
1166720
1166724
1167237
1167242
1167251
1167253
1167254
1167255
1167256
1167257
1167263
1167269
1167272
1167280
1167282
1167284
1167626
1167628
1167741
1167743
1167744
1167749
1167903
1167905
1169171
1169174
1169191
1169213
1169214
1169215
1169217
1169219
1169221
1169222
1169223
1169224
1169225
1169226
1169228
1169229
1169231
1169982
1169983
1173017
1173019
1173020
1173024
1173080
1173084
1174596
1174598
1174599
1174600
1174602
1174604
1174606
1174608
1174609
1174610
1174623
1175599
1175600
1175602
1176049
1176305
1176306
1176307
1176309
1176310
1176311
1176312
1176313
1176315
1176317
1176319
1176321
1176323
1176324
1176325
1177310
1178330
1182253
1182255
1182256
1182257
1182258
1182342
1182343
1182346
1182348
1182350
1182352
1182354
1182357
1182872
1185698
1185700
1188887
1188889
1188891
1188896
1188897
1188898
1189436
1191082
1191264
1191266
1191758
1191760
1191761
1191762
1191763
1191764
1191765
1191766
1191767
1191768
1192391
1192393
1192396
1192398
1192401
1192403
1192407
1192433
1192437
1195686
1195696
1195700
1195701
1195703
1195704
1195705
1195709
1195952
1195954
1196195
1196196
1196197
1196198
1196203
1196207
1196209
1196210
1196212
1196213
1196214
1196218
1196219
1196220
1196222
1196224
1196225
1196226
1196227
1196229
1196230
1196232
1197479
1197480
1197482
1197483
1197486
1197490
1197502
1197548
1197550
1197807
1198243
1198245
1199773
1199775
1199777
1199779
1199781
1201089
1201093
1201095
1201098
1201391
1201392
1201393
1201395
1201396
1201398
1202593
1202594
1205746
1205802
1205803
1205805
1205807
1205819
1206772
1206773
1206776
1206929
1207156
1207158
1207160
1207378
1207380
1207382
1207385
1207388
1207391
1207392
1208181
1208183
1208186
1210293
1211475
1212858
1212860
1212862
1212900
1212902
1212905
1212912
1212988
1212989
1212991
1212993
1212994
1212997
1214112
1214113
1214114
1214116
1214117
1214134
1214135
1214138
1214140
1214142
1214144
1214145
1214146
1214147
1214149
1214150
1214152
1214153
1214154
1214156
1214158
1214241
1214249
1214250
1214252
1214254
1215226
1215597
1215777
1215778
1215780
1215783
1215784
1215786
1215836
1215838
1216071
1216073
1216075
1216077
1216078
1216080
1216081
1216083
1216085
1216087
1216922
1216923
1216927
1216928
1216929
1216930
1216931
1216932
1216933
1216935
1216936
1218116
1218124
1218211
1218236
1218249
1218253
1218256
1218257
1218259
1218261
1218265
1218267
1218270
1218272
1218274
1218275
1218277
1218279
1218280
1218283
1218286
1218293
1218296
1218298
1218300
1218302
1218303
1218305
1218308
1218310
1218313
1218315
1218317
1218319
1218322
1218323
1218325
1218328
1218330
1218332
1218335
1218340
1218344
1218346
1218348
1218880
1218882
1218883
1218885
1218886
1219901
1219903
1219906
1219932
1219934
1219936
1219938
1219940
1219941
1219943
1219945
1219947
1222994
1222996
1222997
1222998
1222999
1223000
1223002
1223003
1223004
1223005
1223006
1223008
1223010
1223011
1223012
1223014
1223015
1223016
1223017
1223019
1223020
1223022
1223023
1223024
1223025
1223026
1223027
1223032
1223033
1223042
1223043
1223044
1223045
1223047
1223048
1223322
1223324
1223326
1223328
1223329
1223332
1223336
1223337
1223342
1223427
1223429
1223432
1223434
1223435
1223833
1224252
1224348
1224351
1224353
1224354
1226465
1226467
1226468
1226469
1226495
1226496
1226497
1226498
1226504
1226505
1226506
1226508
1226525
1226526
1226527
1226529
1226530
1226533
1226535
1226668
1226678
1226683
1226690
1226692
1226693
1226695
1226700
1226701
1226703
1226707
1226710
1226713
1227847
1228900
1228902
1228903
1228906
1228907
1228909
1229162
1229163
1230289
1230290
1230292
1230494
1230496
1230499
1230502
1230505
1230507
1230510
1230513
1230514
1230516
1230518
1232200
1232202
1232203
1232205
1232206
1232207
1232210
1232211
1232212
1232214
1232344
1232345
1232347
1232351
1232352
1232354
1232355
1232356
1232892
1232893
1232895
1232897
1232898
1232899
1232900
1232902
1232905
1232906
1232908
1232909
1232913
1232915
1232918
1232920
1232921
1232922
1232927
1232930
1232932
1232935
1232940
1232941
1232942
1232943
1232944
1232946
1232948
1232950
1232954
1232956
1232958
1232960
1232961
1232962
1232963
1232964
1232967
1232969
1232972
1232973
1232974
1232975
1232977
1232979
1232980
1232982
1232983
1232985
1232988
1232990
1232991
1232998
1233000
1233001
1233005
1233007
1233008
1233009
1233011
1233012
1233015
1233016
1233018
1233022
1233023
1234906
1234908
1234909
1235859
1235860
1235862
1235863
1235864
1235865
1235866
1235867
1235869
1235870
1235871
1235874
1235877
1235879
1235884
1238306
1238308
1238309
1238311
1238313
1238316
1238320
1238323
1238325
1238341
1238349
1238352
1238372
1238374
1238375
1238378
1238381
1238382
1238384
1238385
1238386
1238910
1238911
1238915
1241711
1244880
1244891
1244892
1245251
1245253
1245255
1245256
1245258
1245259
1245261
1245262
1245263
1245264
1245266
1245268
1245273
1245275
1247861
1247863
1247864
1248261
1248263
1248267
1248268
1248270
1248274
1248275
1248276
1248279
1248280
1248282
1248285
1248286
1248287
1248289
1248291
1248293
1248294
1248296
1248297
1248299
1248301
1248303
1248306
1248308
1248309
1248311
1248312
1248313
1248315
1248316
1248318
1248320
1248321
1248333
1248338
1248341
1248342
1248343
1248345
1248350
1248353
1248354
1248360
1248363
1249425
1249426
1250283
1250285
1250288
1250290
1250293
1250294
1250296
1250297
1250300
1250302
1250303
1250308
1250309
1250313
1250315
1250317
1250319
1250324
1250325
1250327
1250333
1250334
1250337
1250338
1250342
1250344
1250347
1250351
1250353
1250619
1250621
1250924
1251896
1251902
1251903
1251904
1251905
1251906
1251909
1251911
1251913
1251915
1251916
1251917
1251918
1251919
1251920
1252111
1253465
1253477
1253486
1253489
1253495
1253496
1253497
1253498
1253499
1253500
1253502
1253516
1253517
1253518
1253519
1253520
1253521
1253522
1253523
1253525
1253526
1253527
1253529
1253531
1255122
1255153
1255155
1255156
1255157
1255159
1255162
1255245
1255246
1256075
1256709
1256711
1256713
1256717
1256719
1256721
1256731
1256735
1256739
1256740
1256741
1256742
1256743
1256746
1256748
1256750
1256751
1256753
1256754
1256755
1256757
1256761
1256763
1256765
1256767
1256768
1256770
1256775
1256777
1256778
1256780
1256794
1256809
1259400
1259563
1259592
1259593
1259594
1259835
1260036
1260053
1260055
1260056
1260057
1260058
1260060
1260061
1260062
1260064
1260065
1260067
1260069
1260071
1260072
1260073
1260074
1260076
1260077
1260079
1260082
1260084
1260086
1265514
1265516
1265517
1265907
1265931
1265933
1265935
1265936
1265938
1267418
1267456
1267458
1267492
1267494
1267495
1267496
1267497
1267499
1267501
1267502
1267504
1267505
1267514
1267516
1267539
1267581
1267583
1267595
1267596
1267597
1267603
1267606
1267609
1267611
1267616
1268945
1268950
1268953
1268955
1268957
1268959
1268961
1268963
1269621
1269622
1269623
1269625
1269626
1269628
1269629
1269631
1269632
1269633
1269635
1269636
1269637
1269638
1269640
1269644
1269645
1269646
1269647
1269648
1269649
1269650
1269651
1269652
1269653
1269654
1269655
1269656
1269657
1269659
1269661
1269662
1269663
1269664
1269665
1269666
1269667
1269668
1269669
1269670
1269671
1269672
1269674
1269676
1269679
1269680
1269681
1269682
1269683
1269685
1269686
1269688
1269689
1269690
1269691
1269692
1269693
1269694
1269695
1269696
1269698
1269699
1270853
1270856
1270867
1270878
1270888
1273147
1273149
1273150
1273151
1273152
1273154
1273155
1273156
1273157
1273803
1273805
1273806
1273859
1273860
1273864
1275022
1275404
1275407
1275410
1275412
1275419
1275421
1275423
1275428
1275434
1275435
1275437
1275438
1275440
1275442
1275443
1275444
1275446
1275447
1275450
1275451
1275676
1275677
1275679
1275680
1275682
1276011
1276013
1276016
1278013
1278019
1278020
1278022
1278024
1278026
1278032
1278034
1278035
1278037
1278045
1278046
1278048
1278049
1278051
1278052
1278054
1278429
1278430
1278431
1278433
1278435
1278545
1279106
1279108
1279112
1279113
1279115
1279117
1279118
1279119
1279120
1279121
1279123
1279553
1279555
1279557
1279559
1279560
1279561
1279562
1279564
1279566
1280722
1280725
1280730
1280732
1280734
1280737
1280738
1280742
1280743
1280750
1280758
1280760
1280762
1280763
1280764
1280766
1281130
1281139
1281141
1281143
1282959
1282982
1282984
1282986
1282993
1282994
1282996
1283705
1283709
1283711
1283714
1283719
1283721
1283723
1283724
1283725
1283727
1283728
1283730
1284365
1284367
1284373
1284379
1284382
1284385
1284387
1284392
1284396
1284399
1284401
1284403
1284405
1284409
1284410
1284413
1284416
1284419
1284421
1284424
1284428
1284430
1284431
1284433
1284435
1284436
1284437
1286399
1286404
1288402
1288404
1288406
1288409
1288410
1288411
1290094
1290106
1290108
1290110
1290113
1290120
1290121
1290125
1290127
1290128
1290132
1290133
1290134
1290137
1290138
1290139
1290143
1290145
1290146
1290147
1290148
1290149
1291127
1291129
1291131
1291193
1291195
1291417
1291430
1291431
1291432
1291437
1291444
1291446
1291449
1292425
1292429
1292431
1292434
1292437
1292439
1292584
1292585
1292586
1292588
1292590
1292592
1292594
1292596
1292597
1292601
1292604
1292605
1292631
1292633
1292637
1292639
1292640
1292641
1292644
1292647
1292648
1292649
1292658
1292660
1292795
1292797
1292798
1292800
1292801
1292803
1292807
1292808
1292811
1294051
1294053
1294054
1294055
1296862
1296863
1296864
1296865
1296868
1296869
1296871
1296874
1296877
1299003
1299004
1299017
1299018
1299020
1299022
1299026
1299029
1299031
1299033
1299037
1300702
1302246
1304205
1305359
1305368
1305378
1305380
1305381
1305904
1305905
1305907
1305908
1305909
1305910
1305912
1305916
1305918
1307687
1308751
1308760
1308983
1308986
1308987
1308989
1310075
1310076
1310087
1310089
1310090
1310091
1310799
1310801
1310802
1310813
1310816
1310818
1310822
1310825
1310826
1310827
1310833
1311097
1311101
1311119
1312525
1312528
1312531
1312532
1312534
1312536
1312537
1312542
1312551
1312560
1312562
1312564
1312565
1312567
1313415
1313417
1313418
1313419
1313420
1314513
1314515
1314517
1314519
1314520
1314523
1316464
1317701
1317709
1317710
1317712
1317714
1321677
1321679
1321680
1321681
1321682
1321684
1321686
1321687
1321688
1321689
1321691
1321693
1321695
1321696
1321697
1321699
1321700
1321701
1321702
1321703
1321704
1321706
1321708
1321709
1321710
1321712
1321713
1321714
1321716
1321718
1321720
1321722
1321724
1321726
1321730
1321732
1321735
1321739
1321741
1321745
1321747
1321749
1321751
1321754
1321755
1321760
1321768
1321770
1321772
1321777
1321779
1321783
1321784
1321785
1321786
1321787
1321789
1321790
1321794
1321795
1321796
1321798
1321799
1321801
1321808
1321809
1321816
1321818
1321819
1321821
1321822
1321823
1321827
1321829
1321831
1321834
1321836
1321838
1321842
1321844
1321846
1321848
1323448
1323449
1323450
1323451
1323453
1323454
1323457
1323459
1323462
1323463
1323467
1323470
1323471
1323474
1323475
1323476
1323477
1323489
1323492
1323496
1323499
1323503
1323505
1323518
1323739
1323749
1324305
1324307
1324309
1324438
1324538
1324693
1324713
1324715
1327159
1327178
1328280
1328282
1329110
1329111
1329112
1329114
1329115
1329116
1331280
1331289
1331291
1331293
1331294
1331295
1331296
1331298
1331300
1331302
1331304
1331306
1331738
1331762
1331764
1331783
1331785
1331786
1331787
1331788
1331789
1331795
1331799
1331801
1335126
1335130
1335131
1335949
1335974
1335975
1335977
1335979
1336577
1336579
1336581
1336582
1336584
1336595
1336597
1336598
1336599
1336601
1336603
1336605
1336607
1336609
1336667
1336847
1336851
1336853
1336855
1338502
1338511
1338515
1338519
1338524
1339986
1339987
1339988
1341388
1341492
1341500
1341502
1341507
1342531
1342532
1342573
1342575
1342589
1342713
1342721
1343245
1343303
1343304
1343305
1343306
1343308
1343309
1343310
1343582
1343586
1343596
1343598
1343618
1343620
1343621
1343623
1343625
1343628
1343630
1343632
1343633
1343634
1343638
1343640
1343642
1343643
1343644
1345056
1345065
1345075
1345076
1345078
1345123
1345127
1345131
1345205
1345210
1345213
1345481
1346490
1346492
1346493
1346495
1346497
1346498
1346499
1346500
1346939
1346940
1346941
1346942
1346943
1346945
1346946
1346947
1346948
1346949
1347929
1347930
1347931
1347932
1347934
1347935
1347945
1347946
1348371
1348505
1348507
1348508
1348509
1348510
1348511
1348512
1348515
1348516
1348517
1348518
1348520
1348521
1348523
1350118
1350120
1350123
1350126
1350130
1350132
1350135
1350137
1350150
1351802
1351804
1354076
1354115
1354117
1354120
1354123
1354125
1354696
1354698
1354700
1354701
1354702
1354703
1354704
1354705
1354706
1354707
1354708
1354709
1354710
1354711
1354712
1354714
1354715
1354717
1354718
1354720
1354721
1354723
1354727
1354729
1354730
1354731
1354732
1354739
1355194
1355195
1355196
1355198
1355199
1355200
1355201
1355202
1355210
1355212
1355230
1355232
1359687
1359688
1359690
1359692
1359701
1359702
1359704
1359705
1361363
1361367
1361381
1361402
1361403
1361405
1361408
1361410
1365224
1365227
1365229
1365231
1365234
1365235
1365241
1368032
1368117
1368119
1368120
1368121
1368124
1371201
1371202
1371203
1371205
1371207
1371209
1376826
1376827
1376828
1376831
1376832
1376833
1376835
1376836
1376837
1376838
1376839
1376840
1376841
1376842
1377829
1377832
1377836
1379251
1379252
1379253
1379254
1379256
1379259
1379339
1379341
1379356
1379358
1379366
1379370
1379371
1379375
1379383
1379971
1379974
1380497
1380498
1380499
1380900
1384202
1384203
1384314
1384316
1384317
1386058
1386063
1386064
1386066
1386067
1386926
1386928
1386929
1386930
1386932
1386934
1386937
1386939
1386940
1386941
1386945
1386947
1386948
1386960
1389359
1389386
1389470
1389477
1389624
1389625
1389684
1389686
1389688
1389690
1389741
1389779
1389781
1389792
1390375
1390379
1390786
1393064
1393067
1393069
1393070
1393072
1393073
1393075
1393077
1393079
1393081
1394824
1400491
1400493
1400496
1400497
1400498
1400499
1400500
1400501
1400503
1400505
1400511
1400513
1400515
1400516
1400517
1400518
1406402
1406403
1406404
1406406
1406409
1408271
1408572
1408573
1408575
1408577
1408579
1408580
1408584
1408585
1408586
1408587
1408588
1408589
1408591
1408592
1410418
1410419
1410421
1410422
1410428
1410430
1410432
1410433
1410434
1410435
1410439
1410445
1410446
1410449
1411948
1411949
1411951
1411952
1411954
1411956
1411958
1411960
1411964
1411965
1411966
1411970
1411973
1411974
1411975
1413733
1413738
1413742
1414370
1414371
1414373
1414374
1417751
1417752
1417753
1417755
1417757
1417772
1417795
1417796
1417797
1417798
1417800
1417802
1417803
1417805
1417809
1417821
1417825
1418162
1419154
1419156
1419169
1419431
1419434
1419443
1419444
1419446
1425254
1428966
1429022
1432022
1432708
1432714
1432715
1432716
1432718
1432719
1434022
1434073
1434074
1434076
1434080
1434082
1434083
1434086
1434088
1434554
1435537
1435538
1435546
1435558
1435559
1435562
1437706
1437710
1437711
1437712
1437713
1437716
1437718
1437719
1438961
1438963
1438964
1440987
1440989
1440991
1440993
1441014
1441044
1441058
1441059
1441098
1441099
1441102
1441107
1441131
1441133
1441135
1441154
1441157
1443194
1443197
1443203
1443205
1443206
1443209
1443211
1443213
1443214
1443215
1443216
1443245
1443248
1443249
1443250
1443293
1443297
1443301
1443304
1443373
1443396
1443398
1443399
1443401
1443402
1443404
1445203
1445205
1445248
1445250
1445251
1445252
1445253
1445254
1445256
1445259
1445260
1445263
1445265
1445266
1445268
1445269
1445270
1445271
1445404
1445427
1445433
1445438
1445443
1445444
1446962
1446967
1446968
1446972
1447029
1447030
1447031
1447033
1447034
1447035
1447037
1447041
1447060
1447068
1447070
1447072
1447074
1448033
1448035
1448038
1448040
1448041
1448042
1448928
1448960
1448962
1448964
1448966
1449057
1449058
1449060
1449257
1449265
1449266
1449267
1449268
1449270
1449272
1449514
1449515
1450568
1450582
1450583
1450593
1450601
1450612
1450613
1450614
1450641
1450643
1450644
1450645
1450814
1450816
1450819
1450822
1450823
1450824
1451616
1451617
1451619
1451622
1454961
1454962
1454963
1454964
1454966
1455081
1455798
1455799
1455800
1455802
1456061
1456065
1456066
1456070
1456073
1456081
1456083
1456084
1456086
1456470
1456472
1456475
1456478
1456481
1456482
1456490
1456493
1456495
1459953
1460083
1460084
1460086
1460087
1460088
1460089
1460090
1460091
1460093
1460095
1460096
1460097
1460098
1460100
1460102
1460103
1460104
1460105
1460106
1460107
1460108
1460110
1460111
1460112
1460117
1460118
1460120
1460122
1460124
1460128
1460129
1460130
1460131
1460134
1460136
1460138
1460140
1460142
1460143
1460145
1460147
1460148
1460153
1460154
1460159
1460160
1460162
1460165
1460168
1460174
1461417
1461438
1461444
1461485
1461753
1461760
1461763
1461774
1461793
1461800
1461804
1461806
1461808
1461809
1461811
1461813
1461814
1461815
1462771
1462777
1463853
1463856
1463858
1463860
1463862
1463863
1463865
1463867
1463868
1463870
1463871
1463872
1463873
1463874
1463875
1463877
1463882
1463885
1463887
1463890
1465287
1465289
1465453
1465454
1465456
1465457
1465458
1465460
1465461
1465462
1465464
1465465
1465467
1465469
1465471
1465473
1465475
1465477
1465479
1465481
1468066
1468087
1468088
1468090
1468092
1468133
1468148
1468151
1468175
1468177
1468179
1468183
1468186
1468188
1468206
1468208
1468210
1468212
1468214
1468254
1468256
1468258
1468261
1468268
1468269
1468271
1468272
1468273
1470434
1470436
1470438
1470440
1470441
1470443
1470445
1470447
1470450
1470451
1470453
1470454
1470456
1471091
1471094
1471095
1471112
1471192
1471469
1471475
1471748
1471754
1471756
1475207
1475217
1475218
1475219
1475220
1475222
1475223
1475224
1475226
1475415
1476420
1476471
1476475
1476807
1476808
1477455
1477465
1477467
1477470
1477473
1477713
1477715
1477717
1477720
1477721
1477722
1477724
1477725
1477726
1477727
1477728
1477731
1477733
1477740
1477742
1477744
1477746
1477749
1477755
1477756
1477757
1477758
1479293
1479294
1479296
1479297
1479299
1479302
1479303
1479305
1479307
1479308
1479309
1479311
1479312
1479315
1479990
1479991
1479998
1480025
1480026
1480027
1480042
1480056
1480058
1480059
1480061
1480065
1480067
1480071
1480073
1480076
1480077
1480078
1480100
1480109
1480112
1480164
1480167
1480204
1480207
1480562
1480563
1480571
1480572
1482641
1482650
1482652
1482654
1482656
1482658
1482661
1482662
1482670
1482672
1482673
1482675
1482678
1482684
1482697
1482847
1482870
1482944
1482945
1482947
1482948
1482949
1482950
1482951
1482952
1482954
1482955
1482957
1482960
1482961
1482964
1482966
1482967
1482969
1482970
1482972
1482974
1483957
1483958
1483959
1483962
1483963
1483965
1483967
1483969
1486734
1486736
1486737
1486738
1486740
1486741
1486743
1486745
1486746
1486748
1486749
1486751
1486752
1486754
1486759
1486762
1486764
1486766
1487265
1487267
1487289
1487290
1487295
1487298
1487299
1487301
1487360
1487363
1489618
1489622
1489629
1489630
1490189
1490192
1490193
1490197
1490199
1490201
1490797
1490802
1490817
1490819
1490825
1490827
1490831
1490898
1490901
1491897
1492315
1492320
1492321
1492322
1492323
1492326
1492328
1492330
1492331
1492332
1492333
1492336
1492337
1492341
1492342
1492343
1492347
1492348
1492350
1492352
1492354
1494407
1494408
1494439
1494541
1494542
1494544
1494545
1494546
1494547
1494894
1494912
1494917
1494918
1497878
1498432
1500362
1500363
1500364
1500366
1500368
1500371
1500373
1500376
1500377
1500380
1500681
1500897
1500899
1501232
1501235
1501239
1501551
1501709
1501742
1501828
1501839
1501842
1501961
1501964
1501967
1501968
1501984
1501985
1501987
1501990
1501991
1501993
1501995
1501997
1501998
1501999
1502001
1503404
1503406
1503408
1503409
1503410
1506324
1506332
1507142
1507145
1507147
1507148
1507150
1507152
1507155
1508784
1508785
1508786
1508805
1508819
1508820
1508822
1508824
1508825
1508826
1508827
1508829
1508830
1508833
1508834
1508836
1512113
1512114
1512116
1515393
1515394
1515396
1515397
1515400
1515403
1515404
1515407
1515408
1515409
1515411
1515413
1515415
1515419
1515420
1515422
1515424
1515425
1515430
1515431
1515433
1515435
1515441
1515443
1515445
1515447
1516164
1516165
1516166
1516167
1516168
1516172
1516173
1516174
1516176
1516177
1516178
1516179
1516180
1516181
1516183
1516185
1516186
1516187
1516188
1516190
1516191
1516193
1516195
1516197
1516199
1516200
1516201
1516212
1516224
1516235
1516236
1516240
1516246
1516249
1516251
1516254
1516256
1516257
1516259
1518159
1518166
1518167
1518933
1518938
1518943
1519811
1519812
1519814
1520228
1520700
1520701
1520704
1520705
1520709
1520718
1520726
1520728
1520730
1520735
1521533
1521536
1521538
1523275
1523278
1523284
1523288
1523293
1523298
1523299
1523300
1523303
1523305
1523307
1523309
1523312
1523317
1523322
1523920
1523922
1523923
1524155
1524157
1524159
1524162
1524166
1524171
1524172
1524175
1524177
1524182
1524185
1524186
1524187
1524189
1524192
1524196
1524198
1524200
1524205
1524206
1524210
1524212
1524214
1524216
1524217
1524218
1524219
1524222
1524224
1524226
1524227
1524230
1524232
1524233
1524236
1524238
1524239
1524240
1524242
1524244
1524247
1524251
1524253
1524255
1524257
1524261
1524264
1524265
1524267
1524268
1524271
1524273
1524275
1524276
1524278
1524280
1524282
1524284
1524285
1524288
1524290
1524292
1524293
1524295
1524296
1524297
1524298
1524301
1524302
1524305
1524308
1524309
1524311
1524312
1524313
1525377
1525622
1525657
1525660
1525663
1525665
1525666
1525667
1525669
1525670
1525673
1525674
1525676
1525677
1525679
1525680
1525682
1525683
1525685
1525687
1525688
1525690
1525691
1525692
1525694
1525696
1525698
1525699
1525701
1525702
1525707
1525709
1525711
1526536
1526540
1526545
1526552
1526554
1526555
1526556
1526557
1526560
1526562
1526564
1526566
1526567
1526664
1526741
1526743
1526745
1526747
1526750
1526751
1526752
1528492
1528493
1528565
1528577
1528579
1528580
1528581
1528584
1528585
1528587
1528589
1528590
1528591
1529621
1529622
1529624
1529627
1529629
1529630
1529632
1529633
1529634
1529635
1529638
1529639
1529641
1529642
1529644
1529645
1529651
1530747
1530748
1530754
1530756
1530762
1530772
1530774
1530776
1531209
1531216
1531227
1531273
1531274
1531275
1531281
1531283
1531337
1531338
1531340
1531342
1531343
1531345
1531373
1531422
1531424
1531428
1531431
1534766
1534768
1534772
1534801
1534840
1534842
1534851
1535421
1535422
1535748
1535749
1535750
1535753
1535756
1535757
1535762
1535764
1535765
1535767
1535768
1535770
1535772
1535774
1535777
1535780
1535881
1535882
1537841
1537864
1537866
1537868
1537869
1537870
1537872
1537873
1537875
1537876
1537878
1537879
1537881
1537883
1537884
1537886
1537887
1538598
1538600
1538601
1538621
1538623
1538627
1538632
1538633
1538636
1538639
1538642
1538645
1538647
1538650
1538652
1539475
1539477
1539478
1539479
1539480
1539481
1539482
1539486
1539488
1541354
1541365
1541367
1541368
1541369
1541370
1541371
1541372
1541373
1541375
1541377
1541379
1541381
1541383
1541385
1541388
1541479
1541534
1541536
1541577
1541578
1541580
1544326
1544357
1544372
1544391
1544392
1544833
1544836
1544838
1544840
1544841
1544842
1544953
1544957
1544958
1544961
1544965
1544967
1544969
1544970
1544972
1545484
1545486
1545487
1545489
1545492
1546698
1546706
1550266
1550268
1550269
1550271
1550273
1550274
1550275
1550276
1550278
1550370
1550371
1550373
1550376
1550378
1550379
1550381
1550383
1550384
1550386
1550388
1550389
1550391
1550392
1550394
1550396
1550398
1550400
1550402
1550404
1550408
1550410
1550411
1550413
1550415
1550416
1550419
1550420
1550424
1550427
1550428
1550429
1550431
1550432
1550433
1550434
1550436
1550438
1550440
1550448
1550450
1550454
1550711
1550713
1550714
1550715
1550717
1550718
1551516
1551517
1551518
1551520
1551523
1551524
1551525
1551527
1551528
1551530
1551532
1551533
1551534
1551535
1551538
1551539
1551543
1551546
1551548
1551550
1553048
1553051
1553054
1553058
1553060
1553064
1553068
1553071
1553076
1553081
1553085
1553088
1553092
1553093
1553095
1553097
1553100
1553104
1553176
1553178
1553181
1553182
1553186
1553883
1553887
1553899
1553914
1553916
1553923
1553924
1553926
1553927
1553930
1553932
1553933
1553934
1553935
1553937
1554004
1554026
1554028
1554046
1554777
1554778
1554780
1555645
1555659
1555672
1555675
1555677
1555678
1555680
1555681
1555682
1555694
1556360
1556368
1556369
1556370
1556372
1563971
1563975
1563977
1563979
1565808
1565809
1567629
1567633
1567635
1567644
1567645
1570454
1570459
1570461
1570472
1572891
1572895
1573041
1573058
1573060
1573063
1573064
1573066
1573067
1573069
1573070
1573085
1573088
1574002
1574010
1574012
1574014
1574015
1574016
1574564
1577706
1577964
1577973
1577974
1577976
1577981
1577982
1577985
1578647
1578648
1578650
1578652
1579729
1579734
1580003
1580005
1581829
1581831
1581835
1581836
1581839
1581842
1581843
1581845
1581846
1581848
1581852
1582037
1582039
1582044
1582047
1582049
1582063
1582065
1582067
1582068
1582070
1582084
1582086
1582087
1582091
1582093
1582096
1582098
1582101
1582103
1582107
1582111
1582114
1583170
1583171
1583177
1583179
1583182
1583183
1584717
1584718
1584720
1584722
1584723
1584724
1584726
1584729
1584731
1584732
1584744
1584747
1584750
1584758
1584759
1584765
1584772
1586099
1586101
1586103
1586106
1586113
1586114
1586117
1586121
1586125
1586127
1586128
1586129
1591710
1591716
1591722
1591727
1591732
1591733
1591734
1591735
1593616
1593622
1593623
1593624
1595110
1595111
1595118
1595120
1595123
1595125
1595126
1595128
1595922
1595924
1595934
1596072
1596073
1596075
1596077
1596079
1596081
1596082
1596084
1596091
1596092
1596094
1596096
1596098
1596102
1596104
1596105
1596107
1596214
1596216
1596218
1596221
1596223
1598177
1598185
1598188
1598190
1598191
1598192
1598194
1598736
1599019
1599029
1599030
1600718
1600719
1600720
1600722
1600724
1600727
1600728
1600729
1601817
1601818
1601819
1601821
1601823
1601828
1601830
1601831
1602418
1602419
1602420
1602422
1602426
1602428
1602436
1602466
1602479
1602480
1602485
1602486
1602487
1602488
1602489
1602491
1602498
1602500
1602501
1602504
1602509
1602514
1602519
1602521
1602523
1602525
1602529
1602530
1602532
1602533
1602534
1602535
1602536
1602538
1602540
1602541
1602542
1602557
1602568
1603006
1603014
1603017
1603019
1603020
1603022
1603023
1603026
1603028
1603029
1604551
1604552
1605056
1605059
1605061
1605063
1606247
1606255
1606256
1606257
1606267
1606273
1606274
1606277
1607885
1607888
1607901
1607903
1607908
1607916
1607917
1607918
1607919
1607920
1607922
1607924
1611400
1611401
1611402
1615037
1615039
1615040
1615042
1615044
1615047
1615049
1615051
1615053
1615055
1615056
1615058
1615060
1615061
1615063
1615070
1615072
1615073
1615409
1615416
1615417
1615418
1615420
1615424
1615433
1615914
1615925
1615926
1615928
1615930
1615932
1615934
1615936
1616153
1616158
1616159
1616160
1616161
1616493
1616495
1616497
1616499
1616500
1616523
1616525
1616543
1616544
1616545
1616547
1616550
1616552
1616553
1616555
1616557
1616559
1616561
1616563
1616569
1616573
1616575
1616577
1616579
1616582
1616584
1616589
1616590
1616592
1616594
1616596
1616604
1616607
1616610
1616611
1616613
1616616
1616638
1616641
1616646
1616649
1616651
1616653
1616656
1616663
1616665
1616668
1616670
1616678
1616680
1616682
1616684
1616685
1616686
1616690
1616691
1616692
1616694
1616699
1616702
1616704
1616706
1616711
1616712
1616719
1616731
1617337
1617346
1617941
1617947
1617948
1617950
1617954
1618762
1618770
1618771
1618773
1618777
1618781
1618784
1618785
1620449
1626267
1626268
1626271
1626273
1626441
1629514
1629517
1629520
1629524
1629528
1629538
1629540
1629542
1630985
1633913
1633914
1638469
1641643
1641650
1641681
1641682
1641683
1641684
1641686
1641687
1641689
1641690
1641691
1642827
1642828
1642830
1642832
1642839
1642845
1642857
1642859
1642865
1649976
1649977
1649979
1649980
1650268
1650273
1653596
1653598
1653642
1653644
1653656
1653658
1653663
1653668
1654054
1654056
1654059
1654061
1654062
1654063
1654065
1654066
1654067
1654068
1654072
1654074
1654076
1654078
1654079
1654082
1655143
1655145
1655147
1655149
1655153
1655155
1655156
1655158
1657038
1657041
1657050
1657052
1657053
1658894
1658898
1661440
1661443
1661444
1661446
1661449
1661452
1661453
1661455
1661462
1666487
1667209
1667212
1667215
1667217
1667221
1667223
1667245
1667249
1667360
1667411
1670863
1674256
1674604
1674605
1677487
1677494
1677495
1677496
1677498
1677500
1677501
1677502
1677504
1677505
1677509
1679525
1680649
1680656
1680657
1680660
1680663
1680665
1680746
1680751
1680759
1681011
1681012
1681014
1681016
1681017
1681018
1681019
1681022
1681024
1681036
1681262
1681264
1681265
1681268
1681270
1681271
1681272
1681274
1681275
1681277
1681278
1681279
1681280
1681281
1681283
1681287
1681290
1681692
1681693
1681695
1681697
1681699
1681700
1682185
1682186
1682187
1682189
1682193
1682195
1682196
1682198
1682201
1682203
1682205
1682207
1682513
1683714
1683735
1683869
1683870
1683872
1683875
1683877
1683880
1683883
1683888
1683890
1684178
1684179
1684181
1685132
1685335
1685371
1685374
1685376
1685378
1685380
1686346
1686347
1688213
1688214
1688216
1688217
1688218
1688219
1688221
1688223
1688225
1688226
1688228
1688350
1688356
1688357
1688358
1689790
1692146
1692228
1692642
1692683
1692685
1692686
1692688
1692689
1692690
1692707
1692714
1692716
1692717
1692747
1692752
1693020
1693170
1693201
1693203
1693206
1693211
1693212
1693213
1693214
1693216
1693217
1693218
1693219
1693221
1693223
1693225
1693227
1693800
1693833
1693845
1694269
1694270
1694271
1694272
1694273
1694275
1694532
1694534
1694535
1694537
1694539
1694540
1694542
1694544
1694546
1694547
1694549
1694553
1694555
1694558
1694563
1694564
1694566
1694568
1694569
1694570
1694571
1694573
1694574
1694575
1694576
1694578
1694580
1694582
1696681
1696683
1696687
1696689
1696719
1696720
1696923
1696937
1696948
1696950
1696953
1696954
1696955
1696957
1696962
1696965
1696967
1696968
1696970
1696971
1696973
1696975
1696978
1696980
1696982
1696985
1696986
1696987
1696989
1696991
1696992
1696993
1696994
1696995
1696997
1696998
1696999
1697000
1697001
1697006
1697008
1697017
1697041
1700012
1700115
1700117
1700118
1700618
1700619
1700620
1700621
1700622
1700624
1700625
1700626
1700629
1700630
1700633
1700635
1700637
1700640
1700642
1700643
1700648
1700650
1700663
1702396
1708677
1709158
1709159
1709161
1709162
1709950
1709954
1709955
1709956
1711119
1711121
1711123
1711127
1711128
1711129
1711131
1711132
1711134
1711139
1711140
1711141
1711149
1711152
1711158
1711160
1711162
1711163
1711165
1711166
1711201
1714840
1714858
1714859
1714863
1714864
1714866
1714868
1714870
1714871
1714873
1714874
1714876
1714880
1714883
1714885
1715086
1715087
1715089
1715091
1715093
1715096
1715098
1715102
1715103
1715105
1715107
1715109
1715430
1715577
1715578
1716063
1716064
1719192
1719807
1719810
1719811
1719812
1719814
1719815
1721627
1722024
1723523
1723947
1726284
1726286
1726330
1726332
1727585
1727589
1730651
1730652
1730653
1730654
1730655
1731498
1733040
1734011
1734013
1734058
1735789
1735791
1735793
1735794
1735797
1735799
1735800
1735801
1735808
1735810
1735812
1744756
1744757
1744758
1745150
1745810
1745812
1745813
1745814
1745816
1745817
1745818
1745820
1745823
1745824
1745867
1745869
1745876
1745877
1745879
1745880
1746580
1746581
1746582
1746583
1750126
1750130
1750138
1752538
1752539
1752541
1752542
1753759
1753760
1753761
1753762
1753764
1753765
1753767
1753769
1753772
1753825
1753826
1756821
1756823
1756825
1756827
1756838
1756839
1756840
1756844
1756866
1763156
1763158
1765071
1765073
1765075
1771889
1771941
1771968
1771969
1773315
1775796
