583264
583646
583740
584179
584841
584842
585270
585273
586131
586135
586136
586140
586143
586145
586147
586150
586163
586171
586452
586454
586469
586853
586856
587586
587588
587913
587915
587946
587947
588762
588764
588804
588806
588807
588808
588809
588811
588813
588814
588817
588820
588821
588823
588880
588920
589211
589821
589830
589925
589926
589928
589930
591167
591168
591169
591170
592033
592034
592035
592036
597866
597867
597868
597870
597871
597877
597880
597882
597885
597889
598297
599164
599187
599642
599663
600393
601628
601629
601631
601632
601634
601636
601638
601639
601641
601642
601644
601645
601649
601797
601799
601863
603104
603106
603107
603109
603112
603114
603115
603117
603120
603124
603126
603127
603129
603130
603580
603582
603583
603585
603588
603590
603591
603593
603596
603600
603602
603603
603605
603606
603890
604190
605585
606673
606674
606682
606684
606687
606691
606698
606700
607323
607324
607332
607334
607337
607341
607348
607350
608340
608360
608485
608522
608524
608525
608527
608530
608536
608537
608538
608539
608541
608547
609428
609429
610608
611099
611101
611102
611104
611311
612527
612539
612541
612543
615923
616645
617169
617194
617269
617285
617287
617306
617335
617337
617338
617935
618355
618357
618361
618363
619783
619786
619788
619793
619836
619879
620166
620169
620171
620176
620303
620322
620325
620346
620347
620420
620426
620438
620894
620896
620900
620902
620904
620906
620908
620910
620912
620913
620915
620916
620917
620920
620921
620923
620925
620926
620928
620931
620934
621299
621302
621307
621402
621414
621415
621417
621418
621437
621481
621824
621825
621827
621828
621846
621891
622870
623666
623801
623933
623937
623974
624106
624160
624164
624166
624168
624170
624171
624172
627775
628864
633819
633822
633845
638205
639431
639436
639438
639442
639443
639499
639501
641482
641498
641683
642296
642306
642314
642321
642571
642577
642580
642595
642718
642731
642793
642794
643169
645353
645935
646244
646246
646247
646253
646254
646256
647089
647130
647144
647250
647883
647885
648556
648848
648855
648858
652713
652714
652715
652717
652718
652720
652722
652724
653307
653308
653309
653311
653312
653314
653316
653318
653485
653819
653821
653906
653964
653965
653966
653968
653969
653971
653974
653978
653981
653982
653983
653987
653988
653989
653991
654069
654072
654079
654292
654294
656272
656673
656925
657436
657452
657454
657621
657935
657937
657948
658724
658813
658822
659077
660213
660215
660219
660223
660740
660742
660746
660750
661023
661354
661383
661387
661389
661400
661401
661402
661403
661404
661405
661407
661408
661410
661411
661412
661414
661416
661417
661419
661421
661422
666221
666251
666254
666293
669358
671821
672276
672277
672278
672279
672282
672283
672286
672476
672478
672527
672528
672529
672531
672533
672535
672539
672542
672546
672548
672908
672909
672910
672911
672914
672915
672918
673106
673108
673737
673739
673741
673919
673921
673923
674356
674358
674362
674367
674870
674872
674876
674881
675949
676745
680504
681004
681476
681493
681494
681495
681497
681498
681500
681501
681502
681503
681505
681506
681507
681509
681511
681512
681527
681529
681535
681563
681587
681590
681599
681602
681606
681611
681613
681632
681659
681680
681784
682524
682526
682996
682998
682999
683001
683003
683005
683006
683010
683582
683583
687407
687411
687413
687414
687415
687417
687538
687551
687758
688291
688296
691856
691858
691860
691909
691910
692301
692333
692337
692348
692697
694043
694053
694057
694070
694071
694103
694368
694378
694382
694395
694396
695290
695293
695295
695298
695299
695300
695314
695358
696195
696198
696200
696203
696204
696205
696258
697699
697701
697702
697704
697705
697707
697709
697716
697717
697719
697720
697721
697724
697726
697735
698424
698426
699914
703944
708542
708549
708552
708553
708554
708558
708559
708560
708561
708566
708571
708690
709499
709500
709502
709503
709875
709883
709887
709889
709898
709900
710320
710322
710324
710883
710885
710887
711244
711246
711248
711249
711463
711472
711477
711479
711483
711485
711741
711742
711769
711770
711773
711774
711776
711778
711780
711782
711785
711789
711790
711794
712142
712475
712476
712478
714895
714897
715044
717650
717691
717814
718566
718568
718569
718572
718573
718575
718577
718986
719421
719581
720469
720477
720482
720537
721259
721261
723957
724732
724810
725609
725610
725611
725613
725615
725617
725618
725619
725621
725623
726481
726499
726500
726676
726689
727245
727246
727248
727623
727624
727626
728059
728095
728096
728100
728374
728384
728386
728387
728389
728391
728394
728395
728397
728399
728403
728405
728425
728447
728514
729293
729296
729298
729299
729300
729968
730479
730483
730707
730711
732024
732111
732125
732231
732314
732315
732317
732320
732592
732596
732938
732989
732990
732992
732994
732995
732996
732999
733000
733004
733005
733006
733010
733011
733013
733015
733016
733020
733036
733522
733524
738212
738214
738216
738219
738221
738223
738225
738227
738230
738232
738236
738237
738238
738241
738244
738245
738248
738250
738252
738254
738256
738257
738377
738381
739840
739846
739847
739851
739856
741125
741127
741590
741593
741594
741596
741597
741598
741990
741994
741997
741999
743037
743039
743044
743045
743046
743048
743275
743555
746989
747374
747436
747532
747749
747757
747759
747808
747812
747981
748132
749303
749311
749322
749395
750293
750295
750296
750297
750299
750300
750303
750304
750307
750308
750318
750700
750708
750709
750711
750715
750716
750719
750722
750723
750727
751779
751784
751790
751796
751798
751800
751814
751820
753501
753593
753594
753595
753596
753777
754362
754364
754368
754384
754385
754553
755568
755579
756313
756315
756317
756319
756320
756322
756323
756326
756327
756369
756387
756388
756390
756391
756394
756519
757741
757743
757745
757747
757749
757751
757754
757755
757756
757763
757766
757768
757770
757897
758375
758377
758379
758380
758382
758386
758387
758388
758395
758398
758400
758402
758526
759059
759060
759062
759063
759064
761105
761131
762533
762874
762928
762930
762932
762934
762939
762941
762942
762944
762947
763128
763394
766314
766315
766317
766318
766322
766325
767029
767032
767047
767061
769240
769241
769268
769273
769341
772704
772707
772711
772877
772997
772999
775181
776313
776363
776370
778232
778322
779620
779622
779731
779742
779744
779838
779861
779869
779875
779880
779891
779897
780140
780141
780143
780174
780197
780205
780211
780216
780226
780232
781462
781552
781563
781754
782291
782293
782297
782455
782456
782457
782459
782462
782464
782717
782720
782721
782723
782725
782726
782728
782731
783661
783684
783984
783986
783988
784035
784057
784257
784259
784261
784660
784668
785071
785085
785087
785088
785091
785094
785353
788879
788884
788885
788910
788913
788922
788925
788927
789665
789666
789668
789669
789745
789746
789748
789749
789841
793360
793361
798192
798199
798204
798205
798207
798220
798340
798342
798948
798953
798954
798956
798969
799063
799065
799765
799804
799878
799952
800574
800576
800578
800580
800583
802459
802461
802463
802464
802465
802467
802538
802571
802580
803473
803475
803477
803601
803603
803940
804007
804217
804641
804645
805101
805104
805105
805108
805111
805113
805115
805594
805598
805791
805893
805895
805897
805899
805900
805903
806372
806471
806473
806475
806477
806478
806481
806743
806744
806813
806853
807166
807169
807170
807178
807191
807527
807848
807861
807862
807864
807866
808298
809327
809460
809467
809469
809474
809736
809922
810261
810275
810279
810283
810287
810291
810293
810300
810326
810330
810334
810337
810341
810343
810350
811153
811193
811248
811500
811510
811603
812648
812707
812709
812710
812712
812713
812716
812719
813457
813460
813465
813471
813472
814623
814625
814626
814627
814628
814852
815448
815449
815451
815453
815454
815456
815460
815462
815464
815466
815469
815472
815474
815475
815477
815585
816351
818146
819921
819922
820769
820772
820799
821205
822643
822648
823222
823223
823229
823243
824778
824779
824780
824785
824804
824807
824809
824813
824825
824831
824835
824839
824845
824851
824857
824858
824861
824862
824863
824865
824868
824869
824872
824874
824876
824879
824880
824883
824884
824886
824888
824889
824892
824893
824894
824895
824897
824898
824901
824904
826037
826039
827383
827386
827550
827551
827552
827554
827556
827558
827561
827564
827567
827569
827619
827623
827645
828495
828497
828538
828540
828541
829565
829567
829569
830152
830155
830167
830168
830175
831851
831853
831857
831867
831869
831870
831872
831874
831875
831878
831880
831881
831884
831984
832665
832667
832669
832679
832824
833203
833204
833205
833206
833208
833209
833211
833212
833213
833216
833231
833244
833279
833282
833285
833291
833295
833304
834072
834459
834808
834810
834811
834886
834983
834987
834989
835935
838907
838909
838912
838913
838914
838918
838919
838921
838924
839045
839046
839047
839087
839090
839107
839830
840109
840110
840112
840250
840253
840254
840452
840459
840463
840469
840482
840555
840559
840565
840578
840757
840806
840891
840893
840894
840895
841353
841357
842150
842165
842481
842496
843975
844094
844098
844105
844123
844125
844128
844130
844318
844423
844424
844426
844427
844706
844801
844807
845422
846276
846278
846280
846281
846284
846345
847264
848218
848225
848227
848233
848235
848237
850571
850572
850573
850574
850575
852532
853383
853475
853490
853491
853549
853552
855064
855088
855090
855092
855094
855095
855276
855277
856126
856306
856408
856410
856572
856573
856575
856576
856608
856609
856611
856614
856619
857134
857143
858311
858314
858317
858320
858422
859220
859240
859350
859352
859354
859356
859357
859359
859363
859398
859405
859407
859460
859464
859828
859842
859843
859846
859848
859849
859852
859854
859856
859858
859860
859862
859864
859866
859869
859871
859873
859879
859880
859931
859935
859946
860249
860251
860252
860254
860257
860357
860359
860365
860525
863209
863213
863591
863592
863594
863595
863598
863600
863603
863609
865671
866728
867047
867152
867154
867322
867557
867578
869611
869669
869671
869673
869677
869678
869679
869948
869956
869970
869971
870243
870616
870620
870621
870624
870628
870630
870631
870633
870906
870932
871425
871426
871429
871430
871671
872089
872090
872092
873067
873072
873283
873284
873286
873287
873290
873291
873292
873293
873294
873297
873298
873299
873302
873303
873305
873307
873309
873312
873314
873323
873327
873334
873338
873910
874694
874695
874696
874836
874860
874869
876818
879034
879061
879064
879357
879358
879359
879503
879505
879509
879664
879672
879676
879680
881143
881257
881259
881261
881568
881732
881735
881964
882459
883387
883557
883572
883574
883576
883588
883597
883599
883600
883602
883604
883606
883607
883626
883632
883827
883846
884979
884981
885961
885978
885982
885988
885991
885999
886119
886121
886123
886146
886151
886165
886167
886174
886553
887080
887081
887082
887238
887247
887254
887284
887289
887314
887711
887718
887773
887819
887954
887956
887957
887959
887961
887962
887998
888246
888306
888309
889116
889117
889118
889121
889122
889123
889125
889127
889128
889129
889131
889133
889138
889168
889175
889176
889719
889721
889727
889728
889734
889735
889736
889739
889741
889742
889743
889745
889753
889763
890727
890728
890730
890731
890948
893287
893290
893294
893304
893306
893317
893319
893323
893325
893326
893328
893329
893331
893333
893335
893336
893337
893393
893397
893407
893446
895434
895435
895550
895634
895636
895637
895639
895641
895649
895680
895689
895691
895721
895771
895775
895950
895953
895960
895970
896498
896532
896535
896539
896550
896552
896580
896601
896611
898128
898131
898134
898137
898138
898144
898169
898171
898215
898217
898219
898222
898232
898241
898276
898284
899168
899178
899179
899181
899224
899226
899307
899314
899323
899326
899328
899335
899439
899442
899448
899449
899450
899452
899454
899455
899457
899464
899466
899468
899470
899472
899473
899477
899478
899521
899530
899532
899534
899540
899551
899606
899608
899646
899648
899663
899700
899703
899705
899749
900631
900633
900635
900636
900637
900639
900641
900643
900644
900646
900648
905368
905370
905372
905376
905379
905535
905537
905538
905540
905813
905819
905822
906079
906091
906107
906109
906113
907736
907744
907764
907766
907768
911058
911259
914400
914471
915439
915441
915569
915571
915573
915576
915594
915625
915626
915630
915669
915862
915863
915865
915882
915883
915885
915955
915956
915958
917207
917208
917210
917212
917216
917218
917219
917232
917233
917287
917290
917293
918150
918310
918321
918693
918694
918696
918697
918699
918700
918701
918702
918703
918735
918764
919042
919044
919052
919054
919056
919065
919071
919088
919448
919449
919465
919466
919469
919470
919480
919495
919499
920247
921080
921096
921619
921620
921622
921624
921651
921690
921942
921958
921960
921962
921963
924635
924852
924854
924855
924856
924867
924869
924870
924881
924909
924915
924917
924929
925768
925800
925801
925802
925804
925806
925808
925809
925811
925812
925814
926871
926875
926876
926944
926961
926966
927662
927693
928057
928059
928061
928071
928102
928103
928105
928134
928137
928139
928141
928149
928160
928165
928166
928167
928170
928171
928174
928178
928180
928183
928186
928188
928725
928754
928756
929515
929517
929521
930023
930027
930031
930046
930834
930863
930865
930867
930869
930871
930926
930946
931002
931024
931046
931047
931048
931049
931051
931052
931053
931056
931057
931058
931257
931259
931289
931290
931291
931293
931295
931297
931299
931301
931302
931304
931306
931308
931310
931311
931312
931314
931391
931410
931495
931496
931497
931498
931500
931502
931503
931505
931506
931508
931510
931511
931512
931516
931519
931523
931525
931609
931629
931952
931954
931956
931957
931958
931963
931964
931965
931967
931968
932107
932302
932942
932979
932980
932981
932983
932984
932985
932987
932989
932992
932994
932996
932998
933002
933269
933270
934033
934034
934050
934817
934820
934826
935123
935124
935966
935970
935971
936444
936446
936469
936615
936654
937241
938504
938505
938520
938532
938548
938553
938573
938579
938587
938607
938612
938648
938656
939547
939567
939569
939571
939572
939574
939577
939579
939581
939582
939583
939676
940632
940634
940635
940720
940724
940725
940727
942432
944100
944102
944121
944235
944241
944271
944273
944283
944285
944392
944411
944419
944437
945552
945872
945873
945875
945877
945881
945884
946168
946170
946177
947764
947765
947766
947806
947808
950517
950520
950521
950523
950525
951322
951326
951601
951603
951605
951608
951661
951664
951666
951667
951669
951671
951677
951690
951692
951694
951754
953435
953448
953452
953453
953462
953480
954368
954373
957331
957332
957333
957334
957335
957336
957415
957420
959615
961166
961168
961171
961172
962060
962239
962276
962778
963291
963959
963962
963964
963968
963969
963970
963973
963975
963980
963982
963983
963984
965019
965021
965025
965041
965048
965052
965056
965088
965091
965093
965104
965122
965143
967137
967139
967161
967163
967165
967167
967180
967205
967484
967591
968478
968480
968481
968486
968534
968537
968540
968541
970996
971000
971286
971288
971289
971294
971296
971298
971300
971302
971303
971304
971305
971310
971316
975057
975059
976281
976345
976356
976357
976358
976365
978269
978271
978287
978289
978316
978317
978319
978321
978323
978325
978327
978328
978331
979765
979767
979771
979772
979774
980646
980647
980665
980705
981220
987071
987084
987129
987130
987132
987134
987136
987138
987141
987142
987154
987296
987297
987537
987539
987540
987543
987546
987548
987550
987555
987558
987560
987562
987564
988367
988375
989525
989859
992638
994454
994483
994485
994487
995277
995278
995279
995282
995284
995317
995321
995336
995337
995338
995554
996125
996517
996573
996575
996697
996699
999568
999569
999571
999579
999581
999583
999585
999617
1001909
1003138
1003141
1005193
1005226
1005232
1005713
1005715
1007107
1007152
1007153
1007154
1007156
1007158
1007161
1007163
1008395
1008404
1008406
1008455
1008458
1008461
1008483
1008492
1009256
1009258
1009260
1009261
1009263
1009265
1009267
1009269
1009271
1009273
1009275
1009280
1009313
1009338
1010336
1010338
1010379
1010382
1010394
1010396
1010402
1010418
1010428
1010439
1010446
1010464
1010471
1010480
1010482
1010484
1010486
1010488
1010490
1010492
1010539
1010542
1010599
1010602
1010785
1010806
1010807
1010808
1011047
1011049
1011050
1013745
1013747
1013749
1013754
1013760
1013915
1013916
1013918
1013919
1013920
1013981
1013984
1014000
1014010
1014013
1014027
1015941
1015955
1016099
1016101
1016106
1016117
1017154
1017159
1017164
1017165
1017176
1017393
1017395
1017397
1017399
1017400
1017402
1017404
1017406
1017407
1017481
1017997
1017999
1018000
1018004
1018006
1018285
1018287
1018304
1018307
1018656
1018663
1018665
1019476
1019502
1019570
1019911
1019954
1019957
1019965
1019976
1019978
1019980
1021609
1021616
1021636
1021658
1021686
1021689
1021690
1021692
1022654
1022690
1022698
1022714
1022717
1022720
1022737
1022738
1022741
1022752
1022763
1022765
1022766
1022770
1022773
1022775
1022779
1023484
1024136
1024138
1024139
1024140
1024141
1024143
1024145
1024146
1024148
1024151
1024154
1024155
1024304
1024305
1024307
1024311
1024314
1024460
1025512
1025536
1025541
1025626
1025627
1025638
1025737
1025973
1025978
1025982
1025993
1026031
1026033
1026039
1026043
1026045
1026046
1026061
1026092
1026215
1026216
1026217
1026221
1026260
1027108
1028289
1028301
1029251
1029252
1029268
1029315
1029343
1029345
1029361
1029372
1029547
1029570
1029571
1029572
1029576
1033169
1036146
1036180
1036464
1036468
1036470
1036472
1036474
1036476
1036478
1036479
1036481
1036483
1036485
1036493
1036496
1037273
1038478
1038480
1038497
1038502
1038533
1038535
1038536
1038538
1038540
1038541
1038543
1038545
1038546
1038549
1038552
1038554
1038574
1038774
1038835
1038855
1038858
1038861
1038863
1038927
1038929
1038931
1038932
1038934
1038936
1038938
1038942
1038943
1038944
1038945
1038949
1038951
1038954
1038955
1038957
1038960
1038970
1038972
1039563
1039565
1039567
1039568
1039570
1039597
1040895
1040902
1040904
1040911
1041124
1041126
1041140
1041154
1041529
1041564
1041584
1041591
1041593
1041595
1041688
1041691
1041694
1041752
1042089
1042101
1042499
1042973
1042976
1043096
1043113
1043625
1043829
1043830
1044022
1044025
1044401
1044402
1044403
1044480
1044977
1045128
1046702
1046704
1046930
1046932
1046934
1047100
1047118
1048383
1048384
1048397
1048399
1048401
1048963
1048965
1048966
1048968
1050063
1050093
1050122
1050123
1050137
1050175
1051599
1051686
1051689
1051690
1051692
1052363
1052942
1052958
1052960
1052980
1053022
1053024
1053026
1053027
1053028
1053031
1053041
1053066
1053079
1053795
1053817
1053819
1053825
1053829
1053834
1053836
1054104
1057345
1058177
1058178
1058179
1058181
1058182
1058184
1058185
1058186
1058187
1058188
1058837
1058840
1058841
1058848
1058849
1058851
1058854
1058856
1058857
1058859
1058861
1058864
1058866
1058869
1058870
1058972
1059460
1059466
1059485
1059510
1059516
1059556
1059558
1059565
1059566
1059568
1059570
1063404
1063406
1063408
1063411
1063412
1063425
1064933
1064967
1066686
1066690
1069117
1069396
1069398
1069399
1069401
1069933
1069955
1069956
1069957
1069958
1069960
1069961
1069963
1069968
1070073
1070129
1070194
1071052
1071120
1071122
1071412
1071499
1071500
1071502
1071504
1072014
1073030
1073044
1073047
1073049
1073051
1073053
1073055
1073056
1073325
1073326
1073328
1073330
1073332
1073334
1073336
1073357
1073359
1073967
1073969
1075670
1075672
1075679
1075682
1075704
1076034
1076036
1076059
1076061
1076063
1076668
1077498
1078514
1078516
1078517
1078519
1078521
1078523
1078525
1078528
1078529
1078531
1078545
1078547
1078549
1078553
1078557
1078929
1081764
1082134
1082148
1082149
1082162
1082167
1082173
1082182
1082183
1082188
1082191
1082197
1082199
1082202
1083189
1083195
1083197
1083199
1083202
1083348
1083853
1083855
1083856
1083857
1083858
1083879
1083943
1083951
1083967
1083972
1084080
1084086
1084088
1084089
1084094
1084095
1084096
1084097
1084118
1084124
1086176
1086178
1086181
1086182
1086186
1086188
1086189
1086192
1086193
1086194
1086195
1086775
1086780
1086782
1086784
1087080
1087082
1087088
1087089
1089019
1089020
1089022
1089029
1089033
1089036
1089038
1089042
1090191
1090273
1090274
1090276
1090277
1090278
1090299
1090587
1090879
1091701
1091702
1092255
1092258
1092259
1092262
1092266
1092268
1092270
1092275
1092281
1092282
1092284
1092286
1092287
1092288
1092290
1092292
1092294
1092296
1092297
1092298
1092301
1092303
1092309
1092315
1092317
1092322
1092323
1092327
1092531
1092532
1092787
1092924
1093707
1093709
1093710
1093711
1093713
1093715
1093720
1095967
1096015
1096017
1096018
1096032
1100010
1100012
1100013
1100015
1100130
1100808
1100810
1100820
1100823
1100885
1100887
1100889
1100891
1100892
1100894
1100895
1100897
1100898
1101464
1101467
1101471
1101477
1101480
1101519
1101865
1108034
1108036
1108038
1108039
1108040
1108042
1108044
1108060
1110069
1110107
1110109
1110111
1110113
1110114
1110115
1110744
1110745
1110748
1110832
1110840
1110923
1110928
1110933
1110935
1110962
1111045
1112234
1112235
1112236
1112238
1112240
1112241
1112242
1112243
1112263
1112266
1112284
1113735
1113737
1113768
1113800
1114590
1114592
1114595
1114644
1114774
1115147
1115149
1115151
1115153
1115155
1115716
1115717
1115719
1115720
1115723
1115724
1115725
1115727
1115729
1115731
1115787
1116091
1116093
1116095
1116096
1116105
1116181
1116198
1116208
1116352
1116355
1116357
1116362
1116363
1116368
1116370
1116371
1116373
1116377
1116379
1116738
1116982
1117076
1117082
1117379
1117381
1117529
1117530
1117532
1117534
1117983
1117999
1118352
1118356
1118415
1118421
1120285
1121012
1121014
1121015
1121019
1121020
1121451
1121500
1121535
1121612
1121615
1122501
1122505
1122508
1122509
1122511
1122747
1122751
1122753
1122759
1122764
1122766
1122769
1122774
1122778
1122781
1122796
1122991
1123009
1123933
1123935
1123936
1123937
1124791
1124815
1125120
1125124
1125125
1125127
1125267
1125270
1125277
1241646
1241652
1241653
1242217
1242219
1242220
1242221
1242224
1242291
1242368
1242369
1242370
1242372
1242374
1243764
1243773
1243777
1243779
1243781
1243913
1244295
1244311
1244551
1244553
1244557
1244559
1244561
1244563
1244567
1244569
1244571
1244572
1244644
1245157
1245159
1245161
1245167
1245169
1245170
1245171
1245524
1245526
1245527
1245529
1245531
1245534
1245535
1245537
1245539
1245541
1245542
1245543
1245546
1245547
1245549
1245550
1245551
1245553
1246201
1246880
1246883
1246886
1246887
1247326
1247421
1247425
1247428
1247447
1247449
1247452
1247482
1248738
1248741
1248743
1248744
1248869
1249131
1249171
1249172
1249173
1249174
1249175
1249177
1249178
1249180
1249183
1249185
1249187
1249188
1249189
1249190
1249536
1249538
1251493
1251495
1251500
1251505
1251506
1251508
1251509
1251510
1251511
1251512
1251513
1251515
1251519
1251524
1251526
1251643
1252226
1252228
1252229
1252237
1252238
1252240
1252242
1252243
1252245
1252246
1253075
1253076
1253136
1253137
1253139
1253212
1253223
1253225
1253234
1253235
1253237
1253239
1254076
1254087
1254096
1254220
1254222
1254224
1254226
1254227
1254228
1254229
1254230
1254232
1254236
1254237
1254239
1254243
1254248
1254249
1254251
1254253
1254255
1254258
1254259
1254788
1254789
1254790
1255160
1255166
1255167
1255169
1255171
1255178
1255329
1255579
1255599
1255606
1255611
1255629
1255635
1256113
1257215
1257217
1257218
1257220
1257221
1257223
1257224
1257225
1257226
1257227
1257229
1257232
1257409
1258105
1258106
1258107
1258113
1258430
1258447
1258462
1258465
1258687
1258691
1258694
1258762
1258764
1258765
1258777
1258862
1258868
1258870
1258872
1258874
1258877
1258879
1258883
1258906
1258917
1258920
1258924
1258928
1258943
1259120
1259129
1259280
1259282
1259354
1259404
1259465
1259993
1260005
1261096
1261106
1261108
1261122
1261809
1261834
1261835
1261837
1261838
1261840
1261841
1261843
1261845
1261846
1261848
1261850
1261852
1261880
1261918
1261923
1261925
1261927
1261930
1261932
1261935
1261937
1261939
1262259
1262262
1262407
1262452
1262453
1262470
1262471
1262472
1262473
1262476
1263371
1263417
1263418
1263419
1263421
1263433
1263434
1263435
1263436
1263438
1263481
1263684
1264605
1264764
1264836
1264837
1264840
1264841
1264843
1264844
1264848
1264850
1264852
1264854
1264855
1264860
1264861
1264862
1264863
1265079
1265081
1265083
1265119
1265524
1265525
1265823
1265826
1265858
1265872
1265874
1265876
1266062
1266064
1266066
1266068
1266069
1266071
1266073
1266075
1266076
1266078
1266080
1266081
1266082
1267321
1268176
1268177
1268178
1268179
1268180
1268181
1268225
1268343
1268344
1268345
1268346
1268451
1268453
1268577
1268684
1268828
1268841
1269325
1269418
1269433
1269484
1269889
1269890
1269891
1269892
1270119
1270120
1270122
1270123
1270124
1270126
1270127
1270128
1270542
1270544
1270588
1270590
1270591
1270592
1270593
1270594
1270595
1270611
1270658
1270660
1270661
1271278
1271281
1271282
1271283
1271284
1271286
1271287
1271288
1271290
1271291
1271292
1271293
1271300
1271302
1271304
1271331
1271386
1271570
1271571
1271583
1271585
1271589
1271883
1273068
1273070
1273072
1273074
1273075
1273078
1273079
1273356
1273743
1273764
1273765
1273766
1273767
1273768
1273769
1273770
1273771
1273772
1273774
1273779
1273780
1273782
1275569
1275571
1275573
1275575
1275577
1275655
1275656
1275657
1275658
1275660
1275661
1275662
1275665
1275666
1275667
1275669
1275671
1275672
1276186
1276187
1276188
1276189
1277542
1278638
1278645
1278647
1278648
1278650
1278652
1278661
1278663
1278665
1278666
1278667
1278887
1278889
1278894
1279968
1282111
1282142
1282221
1282232
1282272
1282274
1282276
1282279
1282454
1283738
1283740
1283745
1283746
1283767
1283819
1283821
1283822
1283823
1283825
1283827
1283828
1283830
1283832
1283834
1283836
1283838
1283840
1283842
1283843
1283844
1283847
1283849
1283852
1283854
1283856
1283879
1283880
1285342
1285343
1286110
1286117
1289075
1289076
1289083
1289094
1289095
1289097
1289100
1289105
1289923
1289925
1289927
1289928
1289930
1289949
1290509
1290512
1290513
1290703
1291189
1291190
1291198
1291202
1291203
1291204
1291484
1291495
1291949
1291950
1296080
1296081
1298134
1298135
1298136
1298137
1298139
1298141
1298142
1298143
1298145
1298147
1298148
1298149
1298150
1298151
1298152
1298154
1298155
1298157
1298161
1298170
1298190
1298192
1298203
1298704
1298708
1298750
1298752
1298754
1298756
1298760
1298761
1298762
1298763
1298764
1298766
1298767
1298768
1298772
1298773
1298774
1298776
1298779
1298780
1298783
1298784
1298785
1298788
1298789
1298790
1298792
1298814
1298815
1299189
1299190
1299193
1299194
1299196
1299201
1299213
1299217
1299221
1299223
1299225
1299226
1299227
1299229
1299233
1299234
1299937
1299939
1300422
1301094
1301099
1301100
1301102
1301104
1301105
1301240
1301242
1301243
1301290
1301520
1302291
1302297
1302299
1302303
1302305
1302306
1302307
1302309
1302310
1302910
1302917
1302923
1303093
1303094
1303095
1303141
1303143
1303147
1303153
1303562
1303565
1304203
1304233
1304235
1304238
1304240
1304254
1305152
1305154
1305155
1305159
1305161
1305168
1305170
1305172
1305174
1305180
1305181
1305182
1305183
1305185
1305187
1305189
1305190
1306555
1306557
1306597
1306607
1306614
1306615
1306616
1306626
1306870
1306872
1306873
1306875
1306878
1306881
1307260
1307756
1308300
1308328
1308330
1308347
1308348
1308349
1308406
1310288
1311069
1311071
1311991
1313539
1313544
1313552
1313607
1313608
1313609
1313610
1313612
1314300
1314303
1314307
1314309
1314311
1314312
1314316
1314321
1314322
1314323
1314644
1314645
1314646
1314647
1314649
1314674
1314676
1314681
1314682
1314685
1314686
1314688
1314689
1315297
1315802
1315804
1315805
1315812
1315813
1315814
1315816
1315818
1315843
1316101
1316122
1316123
1316124
1316127
1316129
1316828
1316841
1316843
1316845
1316848
1316850
1316852
1317094
1317099
1317101
1317264
1317268
1317269
1317270
1317384
1317389
1317417
1317418
1317419
1317516
1317518
1317689
1317694
1317697
1317698
1317699
1317700
1317702
1317704
1317706
1317734
1317743
1317978
1317997
1318077
1318101
1318436
1318437
1318503
1318505
1318508
1318509
1318514
1318516
1318870
1318873
1318874
1318876
1318878
1319364
1319393
1319397
1319399
1319401
1319403
1319405
1319406
1319409
1319411
1319533
1319536
1320669
1320672
1320684
1320686
1320688
1320694
1320697
1320698
1320699
1320732
1320736
1320737
1320755
1322557
1322602
1322603
1322604
1323464
1323465
1323466
1323483
1323507
1323558
1323560
1323562
1323564
1323565
1324514
1324540
1324541
1324611
1324612
1324614
1324616
1324620
1324621
1324622
1324623
1324625
1324730
1324732
1324737
1324771
1324773
1324774
1324777
1324974
1325140
1325141
1325142
1325143
1325145
1325147
1325148
1325154
1325289
1325319
1325324
1325329
1325332
1325565
1325576
1325593
1325608
1325612
1325614
1326492
1326494
1326496
1326498
1326499
1326602
1326618
1326628
1326630
1326633
1326640
1326643
1326645
1326953
1326955
1326957
1326959
1326960
1327015
1327017
1327019
1327021
1327023
1327025
1327026
1327151
1327801
1327930
1327961
1327963
1327965
1328064
1328066
1328077
1328124
1328192
1328228
1328230
1328233
1329737
1329755
1329756
1329757
1329758
1329784
1330171
1330173
1331904
1331906
1331909
1331910
1331912
1331913
1332044
1332045
1332047
1332228
1332293
1332305
1332374
1332375
1332376
1332378
1332379
1332380
1332382
1332384
1332712
1332886
1332889
1332890
1333029
1333785
1333787
1333817
1333877
1333882
1333884
1333885
1333886
1333887
1333888
1333889
1334068
1334647
1334679
1334681
1334682
1334712
1334729
1334732
1334735
1334736
1334738
1334782
1334785
1334786
1334787
1334788
1334789
1334791
1334793
1334794
1334796
1334797
1334798
1335741
1335743
1335744
1335745
1335747
1335749
1336621
1336680
1336681
1336682
1336699
1336719
1337471
1337472
1337552
1337553
1337556
1337577
1337578
1337580
1337582
1337651
1338483
1338485
1338492
1338496
1338500
1338602
1338603
1338604
1338605
1338744
1338774
1338776
1338777
1338779
1338821
1338847
1338909
1338910
1338964
1339173
1339175
1339183
1339196
1339235
1339242
1339244
1339261
1339275
1339314
1339316
1339318
1339341
1339343
1339348
1339511
1339513
1339514
1339515
1339516
1339518
1340412
1340874
1340889
1340928
1340930
1340934
1340989
1340990
1340992
1340993
1340994
1340995
1340997
1341002
1341003
1341004
1341409
1341412
1341618
1341620
1341623
1341627
1341629
1342546
1342674
1342761
1342940
1342992
1342998
1342999
1343001
1343004
1343005
1343007
1343008
1343010
1343014
1343016
1343017
1343019
1343020
1343025
1343026
1343374
1343375
1343379
1343400
1343414
1343417
1343419
1343420
1343422
1343424
1343426
1343428
1343429
1343430
1343431
1343436
1343438
1343439
1343440
1343442
1343444
1343446
1343447
1343472
1343479
1343484
1343491
1343515
1343557
1343559
1343566
1344615
1345203
1346565
1346566
1346632
1346759
1346761
1346763
1346771
1346778
1346809
1346823
1346856
1346857
1346944
1347009
1347184
1347257
1347299
1347344
1347378
1347382
1347426
1347473
1347486
1347489
1347491
1347504
1347505
1347509
1347525
1347527
1347594
1347595
1347597
1347599
1347601
1347602
1347603
1347744
1348050
1348177
1348192
1348216
1348244
1348417
1348419
1348425
1348823
1348870
1348873
1348901
1348902
1348903
1348905
1348906
1348923
1348941
1348944
1348955
1348961
1349008
1349045
1349050
1349054
1349055
1349094
1349096
1349262
1349525
1349532
1349616
1349643
1349648
1349650
1350456
1351937
1351942
1351944
1351950
1351959
1351993
1352019
1352021
1352022
1352023
1352025
1352027
1352028
1352200
1352201
1352205
1352207
1352210
1352211
1352215
1352216
1353099
1353131
1353132
1353133
1353134
1353135
1353173
1353282
1353632
1353743
1353757
1353759
1353763
1353767
1353768
1354132
1354135
1354166
1354393
1355416
1355422
1355426
1355431
1355436
1355442
1355444
1355450
1355452
1355461
1355473
1355478
1355491
1355495
1355501
1355502
1355508
1355509
1355539
1355541
1355552
1355558
1355565
1355567
1355576
1355578
1355623
1355624
1355625
1355628
1355630
1355634
1355635
1355637
1355639
1355640
1355642
1355643
1355644
1355736
1355752
1355754
1355757
1355759
1355763
1355765
1355767
1355769
1355814
1355872
1355874
1355875
1355989
1355991
1355994
1355997
1356155
1356156
1356159
1356171
1356450
1356451
1356455
1356457
1356459
1356461
1356464
1356465
1356467
1356469
1356474
1356476
1357270
1357272
1357276
1357278
1357279
1357281
1357282
1357284
1357437
1357466
1357480
1357493
1357517
1357519
1357540
1357552
1357554
1357558
1357559
1357562
1357567
1357578
1357596
1357599
1357610
1357611
1357613
1357643
1357669
1357703
1357773
1357841
1357855
1357864
1357908
1357913
1357917
1357918
1357940
1357949
1357953
1357956
1357958
1357962
1357969
1357972
1357981
1357996
1358554
1358594
1359186
1359197
1359200
1359202
1359266
1359347
1359349
1359377
1359411
1359424
1359426
1359428
1359438
1359581
1359584
1359586
1359593
1359595
1359597
1359599
1359608
1360162
1360167
1360201
1360204
1360241
1360259
1360261
1360286
1361036
1361152
1361255
1361258
1361293
1361296
1361318
1361425
1361427
1361428
1361429
1361430
1361432
1361434
1362051
1362056
1362062
1362063
1362064
1362065
1362066
1362067
1362070
1362124
1362180
1362181
1362210
1362212
1362213
1362214
1362231
1362257
1365154
1365159
1365179
1365180
1365181
1365182
1365250
1365254
1365255
1365256
1365258
1365263
1365264
1365265
1365271
1365272
1365273
1365276
1365281
1365283
1365290
1365292
1365293
1365295
1365299
1365301
1365307
1365309
1365315
1365902
1367252
1367511
1367512
1368552
1368604
1368745
1368747
1369546
1369571
1369584
1369616
1369689
1369691
1370061
1370062
1370356
1370357
1370359
1370360
1370362
1370363
1370377
1370378
1370399
1370401
1370402
1370403
1370404
1370431
1370443
1370452
1370471
1370529
1370665
1370666
1370675
1370695
1370707
1370714
1370754
1370757
1370916
1370918
1370928
1370960
1370969
1370973
1371020
1371022
1371025
1371044
1371057
1371104
1371107
1371111
1371113
1371119
1371184
1371190
1371285
1371507
1371512
1371553
1372480
1372484
1372510
1372802
1372804
1372808
1372809
1372810
1372811
1372813
1372814
1372815
1373234
1373687
1373694
1373852
1373853
1373854
1373855
1373857
1373860
1373862
1373864
1373865
1373912
1374042
1374192
1374194
1374196
1374198
1374201
1374202
1374204
1374333
1374343
1374352
1374354
1374356
1374358
1374359
1374360
1375757
1377100
1377102
1377188
1377433
1377448
1377479
1377634
1377756
1377758
1377759
1377763
1378057
1378058
1378059
1378060
1378061
1378062
1378063
1378067
1378068
1378070
1378073
1378074
1378075
1378077
1378079
1378080
1378088
1378089
1378091
1378092
1378094
1378097
1378099
1378101
1378103
1378106
1378108
1378114
1378118
1378123
1378458
1378460
1378461
1378479
1378563
1378994
1378996
1379053
1379055
1379111
1379130
1379163
1379170
1379708
1379710
1379713
1379714
1379716
1379717
1379728
1379733
1379736
1379738
1379973
1379975
1379976
1380017
1381665
1381666
1381730
1381906
1382055
1382057
1382060
1382064
1382079
1382083
1382086
1382089
1382092
1382094
1382096
1382830
1383403
1383404
1383492
1383498
1383897
1384026
1384043
1384044
1384045
1384046
1384047
1384050
1384052
1384055
1384056
1384065
1384067
1384069
1384075
1384077
1384081
1384086
1384090
1384100
1385248
1385930
1385931
1385933
1385937
1385940
1385951
1386483
1387934
1387940
1388084
1388095
1388097
1388105
1388107
1388109
1388681
1390893
1390894
1390896
1390899
1391900
1391901
1391902
1391903
1391904
1391915
1392309
1392310
1392327
1392372
1392388
1392391
1392426
1392566
1392568
1392605
1392625
1392674
1392697
1392738
1392829
1392851
1392991
1393537
1393538
1393540
1393548
1393577
1393773
1393793
1393928
1393930
1393932
1393933
1393941
1393944
1394193
1394194
1394249
1394253
1395012
1395013
1395014
1395059
1395111
1395123
1395126
1395127
1395129
1395131
1395132
1395134
1395141
1395142
1395149
1395151
1396000
1396002
1396003
1396029
1396087
1397429
1397430
1397431
1397433
1397435
1397444
1399016
1399856
1399858
1399859
1399860
1399861
1399863
1399864
1399867
1399868
1399870
1399871
1399872
1399874
1399875
1399898
1399917
1400031
1400033
1400035
1400564
1400565
1400566
1400568
1400570
1400902
1400970
1400979
1400982
1401063
1401102
1401108
1401648
1401649
1401653
1401655
1401657
1401658
1401660
1401662
1401664
1401665
1401670
1401672
1401674
1401678
1401681
1401683
1401685
1401686
1401728
1401754
1401780
1401781
1401783
1401785
1401787
1401789
1402235
1402236
1402237
1402263
1402266
1402478
1402480
1402482
1402484
1402493
1402931
1403186
1404331
1405297
1406299
1406301
1406302
1406303
1406468
1406508
1406509
1406511
1406512
1406952
1406953
1406955
1406963
1406964
1407004
1407006
1407105
1407336
1407344
1407733
1408235
1408336
1408339
1408341
1408344
1408345
1408346
1408347
1408595
1408694
1408697
1409640
1409641
1409643
1409645
1409676
1409744
1409746
1409975
1410039
1410040
1411159
1411577
1411579
1411580
1411582
1411583
1411600
1411602
1411604
1411605
1411606
1411772
1411786
1411797
1411798
1411816
1411817
1411819
1411853
1412168
1412192
1412228
1412647
1412650
1412660
1412708
1412727
1412813
1412817
1412819
1412902
1413080
1413081
1413084
1413175
1413293
1413294
1413296
1413297
1413299
1413301
1413302
1413303
1413341
1413844
1413845
1413847
1413848
1413850
1413852
1413854
1413932
1414123
1414124
1414376
1414380
1414381
1414383
1414385
1414387
1414389
1414391
1414392
1414394
1414395
1414396
1414400
1414402
1414403
1414405
1414406
1414407
1414409
1414638
1414655
1415492
1415493
1415495
1415549
1415550
1415553
1415555
1415560
1415605
1415607
1415733
1415782
1415813
1415847
1415848
1415849
1415851
1415876
1415898
1415905
1415927
1415928
1415930
1415932
1416730
1416804
1416827
1416828
1416839
1416840
1416983
1416984
1416986
1416990
1416992
1416994
1416996
1417326
1417328
1417387
1417389
1417390
1417391
1417393
1417417
1417418
1417420
1418235
1418237
1418238
1418240
1418241
1418243
1418269
1418271
1418273
1418440
1418449
1418452
1418454
1418459
1418461
1418463
1418474
1418498
1418499
1418500
1418503
1418514
1418519
1418549
1418929
1419217
1419295
1419296
1419297
1419298
1419300
1419301
1419321
1419328
1419330
1419331
1419334
1419336
1419344
1419345
1419620
1419621
1419622
1419623
1419624
1419626
1419627
1419628
1419630
1420274
1420279
1420350
1420351
1420660
1420680
1420681
1420682
1420685
1420689
1420690
1420691
1420692
1420694
1420695
1420697
1420700
1420701
1420703
1420706
1420736
1420739
1420741
1420744
1420759
1420762
1420769
1420772
1421325
1421348
1421482
1422803
1423194
1423195
1423196
1423198
1423199
1423200
1423201
1423216
1423217
1423260
1423269
1423774
1423776
1423821
1423822
1423823
1423824
1423825
1423827
1423828
1423830
1423831
1423832
1423834
1423835
1423836
1423839
1423840
1423841
1423842
1423845
1423897
1423899
1423901
1423902
1423903
1423904
1423906
1423907
1423908
1423909
1424078
1424083
1424088
1424090
1424092
1424245
1424247
1424248
1424250
1424251
1424445
1424531
1424555
1424561
1424565
1424569
1424571
1424576
1424587
1424589
1424591
1424616
1424761
1424868
1426049
1426504
1426538
1426539
1428925
1429064
1429091
1429092
1429093
1429094
1429095
1429097
1429098
1429099
1429100
1429859
1429863
1429866
1429868
1429869
1429873
1429897
1429899
1429902
1429903
1429906
1429936
1429938
1429939
1429940
1429942
1429943
1429945
1429947
1430016
1430017
1430038
1430054
1430056
1430059
1430075
1430088
1430091
1430194
1430195
1430199
1430202
1430270
1430271
1430272
1430274
1430277
1430278
1430279
1430283
1430285
1430286
1430288
1430291
1430301
1430303
1430304
1430306
1430308
1430559
1430644
1430675
1430680
1430685
1430687
1430698
1430700
1430703
1430805
1430807
1430820
1430856
1430858
1430859
1430860
1431097
1431099
1431159
1431820
1431824
1431828
1431839
1432242
1432341
1432342
1432343
1432344
1432345
1432346
1432347
1432348
1432349
1432350
1432352
1432353
1432884
1432889
1433419
1433420
1433425
1433465
1433467
1433577
1433578
1433654
1434248
1434250
1434251
1434252
1434253
1434543
1435077
1435183
1435184
1435186
1435187
1435194
1435199
1435201
1435203
1435204
1435205
1435206
1435207
1435825
1435828
1435830
1435832
1435842
1435848
1435850
1435852
1435862
1435863
1435865
1435866
1435867
1435870
1435877
1435878
1435879
1436150
1436169
1436171
1436176
1436178
1436641
1436648
1436733
1436742
1437023
1437076
1437081
1437085
1437086
1437087
1437088
1437091
1437093
1437096
1437117
1437118
1437119
1437902
1438030
1438032
1438037
1438039
1438041
1438044
1438045
1438048
1438049
1438051
1438054
1438056
1438059
1438061
1438063
1438065
1438067
1439902
1439904
1439907
1439909
1439910
1439912
1439913
1439915
1439917
1439922
1439923
1439924
1440203
1440205
1440206
1440208
1440210
1440212
1440214
1440215
1440216
1440217
1440218
1443519
1443521
1443522
1443523
1445152
1445166
1446512
1446533
1446589
1446708
1446709
1446711
1446713
1446719
1446720
1446721
1446723
1446724
1446727
1446730
1446732
1446734
1446735
1446737
1446744
1446746
1446747
1446748
1446749
1446750
1446752
1446756
1446757
1446758
1446929
1446937
1447131
1447613
1447615
1447620
1447624
1447628
1447634
1447636
1447638
1447640
1447642
1447645
1447648
1447650
1447653
1447656
1447669
1447745
1447792
1447793
1447795
1447797
1447799
1447800
1447805
1447944
1447967
1448667
1448732
1448743
1448746
1448748
1448750
1448753
1448754
1448756
1448758
1448760
1448761
1448772
1448775
1448779
1448791
1448793
1448795
1448797
1448798
1448799
1448800
1448802
1448803
1448805
1448807
1448809
1448810
1448812
1448815
1448817
1450113
1450629
1450631
1450717
1450913
1450945
1450951
1450974
1450977
1450980
1450982
1450983
1450985
1451003
1451455
1451473
1451937
1452097
1452165
1452167
1452169
1452171
1452172
1452174
1452395
1452396
1452397
1452398
1452399
1452408
1452409
1452410
1452413
1452418
1452469
1452472
1452677
1452701
1452710
1452734
1453309
1453310
1453312
1453316
1453317
1453327
1453328
1453353
1453493
1453498
1454341
1454659
1456748
1456751
1456754
1456955
1456957
1456959
1456963
1456967
1456980
1456981
1456983
1456987
1457044
1457049
1457051
1457184
1457186
1457187
1457188
1457190
1457191
1457192
1457194
1457196
1457198
1457200
1457774
1457779
1458072
1458074
1458076
1458093
1458095
1458097
1458099
1458101
1458112
1458287
1458409
1458986
1458988
1458990
1458991
1458992
1458994
1458999
1459002
1459005
1459007
1459008
1459009
1459016
1459017
1459020
1459022
1459249
1459251
1459254
1459255
1459256
1459258
1459261
1459283
1459312
1459316
1459320
1459321
1459323
1459324
1459326
1459388
1459399
1459403
1459404
1459409
1459412
1459666
1459668
1459670
1459671
1459676
1460551
1460552
1460553
1460554
1460556
1460558
1460559
1460561
1460562
1460564
1460565
1460567
1460571
1460573
1460574
1460703
1460705
1460834
1460911
1460912
1460928
1460948
1460949
1460953
1460962
1460963
1460964
1461298
1461311
1461900
1462265
1462272
1462274
1462284
1462351
1462369
1462370
1462390
1462439
1462440
1462442
1462444
1462453
1462454
1462456
1462457
1462458
1462460
1462461
1462462
1462464
1462466
1462468
1462853
1462867
1462897
1462898
1462987
1463034
1463071
1463073
1463075
1463111
1463685
1463691
1463692
1463693
1463695
1463696
1463697
1463698
1463699
1463700
1463709
1463711
1464663
1464664
1464665
1464666
1464667
1464669
1464670
1464672
1464682
1464683
1464684
1464830
1469516
1469533
1469534
1469535
1469537
1469539
1469540
1469541
1469713
1469759
1469760
1469762
1469763
1469765
1469769
1469771
1469773
1469775
1469776
1469777
1469778
1469779
1470435
1470437
1470439
1470442
1470446
1470489
1470879
1470882
1470884
1470885
1470886
1470895
1470897
1470898
1470995
1471000
1471001
1471562
1471564
1471718
1471720
1471721
1471723
1471724
1471727
1471728
1471729
1471749
1472104
1472105
1472107
1472108
1472110
1472112
1472113
1472115
1472116
1472117
1472146
1472153
1472206
1472236
1472271
1472273
1472275
1472277
1472279
1472281
1472283
1472284
1472685
1472687
1472691
1473408
1474121
1474125
1474187
1474200
1475292
1475296
1475303
1475490
1475497
1475878
1475879
1475880
1475883
1475885
1476411
1476582
1476584
1476585
1476610
1476691
1477908
1477909
1477910
1478647
1478659
1478660
1479341
1479346
1479349
1479351
1479352
1479459
1479460
1479461
1479463
1479465
1479466
1479468
1479470
1479959
1481488
1481509
1481511
1481513
1481615
1481634
1481695
1481897
1481898
1481899
1481901
1481902
1481906
1481994
1482003
1482020
1482032
1482034
1482036
1482116
1482211
1482212
1482213
1482214
1482215
1482216
1482217
1482218
1482220
1482221
1482223
1482248
1482354
1483087
1483088
1483090
1483091
1483173
1483230
1483233
1483238
1483241
1483254
1483257
1483260
1483415
1483416
1483420
1483425
1483427
1483428
1483438
1483440
1483444
1483445
1483446
1483447
1483794
1483796
1483907
1483925
1484826
1484830
1485009
1485071
1485072
1485073
1485074
1485162
1485333
1485368
1485371
1485396
1485399
1485405
1485407
1485413
1485434
1485435
1485437
1485439
1486728
1486770
1487345
1487347
1487384
1487385
1487450
1487451
1487454
1487455
1487459
1487462
1487484
1487486
1487771
1487772
1487773
1487776
1487791
1488243
1488244
1488246
1488247
1488352
1488803
1488804
1488905
1488908
1488913
1488915
1488949
1488960
1489094
1489144
1489146
1489160
1489169
1489182
1489223
1489237
1489240
1489247
1489258
1489332
1489334
1489335
1489474
1489829
1489834
1489835
1489836
1489838
1489839
1489843
1489844
1489845
1489847
1490816
1490818
1490820
1490821
1490822
1490824
1490826
1490828
1490829
1490830
1490832
1490833
1491223
1491224
1491226
1491227
1491229
1491230
1491231
1491232
1491780
1491782
1491783
1492208
1493067
1493068
1493070
1493116
1493636
1493638
1494364
1494365
1494366
1494367
1494369
1494370
1494371
1494372
1494373
1494375
1494377
1494378
1494379
1494381
1494382
1494467
1494469
1494470
1494472
1494477
1494480
1494482
1494486
1494487
1495194
1495196
1495197
1496076
1496078
1496550
1496553
1496554
1496556
1496558
1496560
1496561
1496562
1496564
1496565
1496567
1496569
1496571
1496672
1496675
1496678
1496682
1496684
1496687
1496689
1496691
1496696
1496698
1496701
1496704
1496713
1496772
1496869
1497245
1497381
1497884
1497885
1497886
1497887
1497888
1497889
1497891
1497892
1497912
1497914
1497916
1497917
1497918
1497919
1497920
1497923
1497925
1497926
1497927
1497929
1497930
1497932
1497934
1497935
1497937
1497939
1498000
1498093
1498488
1498490
1498493
1501068
1501075
1501076
1502214
1502273
1502275
1502277
1502297
1502302
1502327
1502350
1502352
1507718
1507727
1508244
1508245
1510304
1510305
1510306
1510307
1510308
1510309
1511408
1511916
1512205
1512209
1512213
1512217
1512219
1512221
1512259
1516453
1516455
1516478
1516480
1516521
1516526
1516530
1516535
1516540
1516542
1516544
1516773
1516779
1516780
1516781
1516783
1516784
1516786
1516807
1516810
1516812
1516814
1516818
1516820
1516822
1516836
1516853
1516855
1516867
1516907
1516908
1516911
1517429
1517462
1517470
1517816
1517817
1517819
1517820
1517832
1517854
1517855
1517862
1517866
1517881
1517882
1517883
1517888
1517954
1517959
1517961
1519254
1519280
1519282
1519291
1519304
1519366
1519506
1519930
1521200
1521794
1521796
1521797
1521798
1521800
1521802
1521804
1521823
1521824
1521825
1521826
1525128
1525129
1525232
1528015
1528016
1528017
1528019
1528020
1528021
1528023
1528024
1528025
1528026
1528243
1528244
1528248
1528249
1529011
1529012
1529013
1529014
1529016
1529018
1529019
1529020
1529023
1529037
1529038
1529039
1529042
1529043
1529045
1529047
1529051
1529053
1529056
1529061
1529330
1529331
1529332
1529333
1529335
1529336
1529338
1529339
1529341
1529344
1529347
1529349
1529350
1531103
1531105
1531106
1531107
1531110
1531111
1531150
1532937
1532939
1532941
1532952
1532960
1532971
1532996
1532999
1533019
1533021
1533022
1533086
1533537
1533763
1534023
1534068
1534070
1534072
1534074
1534076
1534078
1534079
1534084
1534179
1534181
1535061
1535118
1535132
1535160
1535306
1535307
1535312
1535314
1535317
1535318
1535319
1535320
1535323
1535336
1536041
1536045
1536051
1536074
1536085
1536092
1536118
1537666
1537683
1537685
1537686
1537709
1539021
1539157
1540341
1541609
1541611
1541612
1541613
1541645
1541724
1541738
1541741
1542069
1542070
1542071
1542073
1542075
1542076
1542077
1543993
1543995
1544073
1544075
1544077
1544120
1544121
1544123
1544126
1544129
1544131
1544132
1544136
1544138
1544139
1544141
1544149
1544150
1544151
1544209
1544218
1544220
1544221
1545122
1546772
1548583
1548592
1548594
1548595
1548597
1548601
1548602
1548603
1548604
1549483
1549484
1549486
1549487
1549488
1549489
1550015
1550017
1550018
1550020
1550054
1550073
1550075
1550077
1550078
1550080
1550082
1550083
